52671545152
52671551037
52671544987
52671550902
52671550867
52671544207
52671550737
52671542987
52671550537
52671541722
52671518912
52671541287
52671550122
52671550057
52671549922
52671549847
52671549822
52671549757
52671540197
52671539732
52671549522
52671549437
52671549257
52671549157
52671553427
52671549052
52671552882
52671548882
52671552787
52671548622
52671551967
52671548587
52671551672
52671551607
52671548447
52671547882
52671547602
52671552367
52671549827
52671549622
52671547567
52671537627
52671537557
52671537527
52671537452
52671537257
52671537177
52671537182
52671537097
52671553172
52671554582
52671553432
52671554942
52671554722
52671546072
52671549697
52671547747
52671551792
52671547352
52671546917
52356615776
52671575912
52671576017
52671576142
52671567332
52671574612
52671574577
52671576037
52671576187
52671576152
52671575602
52671576052
52671538015
52671575897
52671575807
52671575717
52671574982
52671574582
52671572982
52671571667
52671571077
52671570392
52671576392
52671540077
52671576207
52671540047
52671576487
52671576177
52671572647
52671567147
52671568957
52671572472
52668427075
52671572357
52671572322
52671572187
52671572162
52671568972
52671567987
52671574007
52671573992
52671573907
52671573882
52671573847
52671573807
52671573607
52671570452
52671555672
52671570032
52671570882
52671573032
52671572542
52671568027
52671541527
52671540532
52671560102
52670461698
52670255392
52671247820
52671247385
52671562962
52671563007
52671561652
52671248210
52671561542
52671541052
52671542277
52671542432
52671541667
52671543297
52671543207
52671541962
52671542657
52671542352
52671541942
52671542422
52671541067
52671543307
52671541397
52671561692
52671547832
52671542677
52671542747
52671574452
52671576172
52671578212
52671576697
52671576587
52671579172
52671579112
52671578952
52671578817
52413687298
52671578617
52671578407
52671577992
52671577597
52671577552
52671577502
52671577432
52671577362
52671577317
52671577277
52671573372
52671576292
52671576272
52671576227
52671576027
52671575997
52671575867
52413260179
52671575682
52671579182
52671578102
52671573342
52671575277
52671575217
52671575072
52671575037
52671574562
52671574437
52671574377
52671574302
52671574082
52671573952
52671576677
52413157766
52406717033
52671471237
52671576672
52671574267
52671575572
52671573827
52671573622
52671573477
52671574712
52671573062
52671571487
52671571012
52671570657
52671570537
52671570157
52671569737
52671601082
52671601492
52671579132
52671579877
52671599382
52671601142
52671602162
52671601917
52671601587
52671602057
52671601947
52671601412
52671601247
52671601037
52671601202
52671600767
52671600752
52671600502
52671600902
52671600727
52671599687
52671599982
52671599522
52671599647
52671599187
52671599057
52671598867
52671598757
52671598647
52671598622
52671595842
52671598347
52671595412
52671598292
52671594707
52671594397
52671597892
52671592267
52671597497
52671597367
52671597262
52671589372
52671588352
52671601141
52671601877
52671601196
52671579442
52671600852
52671600222
52671599322
52671597517
52671597102
52671596437
52671594037
52671594187
52671593652
52469720639
52666608182
52666607977
52666607862
52666606532
52666606367
52666604557
52666604487
52666604242
52666603527
52666603042
52666602587
52667097806
52667097641
52667097546
52667096891
52666601437
52666601367
52666601262
52666601132
52667096331
52667096271
52666600977
52666600592
52666600507
52666600412
52667095376
52666599967
52667094911
52667094866
52667094836
52666599537
52666599347
52667094486
52667094306
52667094136
52666598572
52666598532
52667093641
52666598312
52666598127
52666597967
52667091741
52667089651
52666593777
52666604817
52667095486
52667098086
34717247861
52667098021
52671588537
52671588502
52671597467
52671596417
52671595977
52671595382
52671588467
52671593537
52671593142
52671592752
52671591872
52671591297
52671590197
52671590177
52671590127
52671589947
52671589902
52671588342
52671589707
52671589577
52671589447
52671589382
52671589222
52671608317
52671588217
52671608292
52671608282
52671608227
52671606332
52671608412
52671608382
52671608337
52671597252
52671596237
52671608187
52671608167
52671608157
52671586962
52671583547
52671575857
52671573877
52671572707
52671565667
52671101207
52671571992
52671574802
52671576367
52671575167
52671363307
52671362407
52671361832
52671359897
52671355687
52671354187
52671353052
52671351397
52671349342
52671346857
52671346497
52671343602
52671342987
52671341377
52671337667
52671337062
52671334472
52671327807
52671326937
52671323237
52671319197
52671318372
52671318037
52671313452
52671309262
52671308122
52671299832
52671299082
52671295282
52671294697
52671294077
52671292542
52671287302
52671286867
52671286022
52671282507
52671280172
52671276107
52671275677
52671275202
52671274177
52671269967
52671269487
52671266002
52671261407
52671260282
52671254677
52671252247
52671251427
52671366897
52671261027
52671367222
52671368962
52671595912
52671574622
52671573212
52671573127
52671599917
52671599047
52671101037
52671595797
52671604627
52671606142
52671605912
52671605827
52671605732
52671605467
52671605417
52671605357
52671604492
52671603797
52671603197
52671603102
52671603072
52671602372
52671602297
52671601662
52671574942
52671574752
52671601307
52671595652
52671601097
52671601027
52671600992
52671600492
52671600252
52671600207
52671600112
52671599927
52671599607
52671599502
52671599292
52671599192
52671599087
52671598982
52671598827
52671598497
52671598322
52671597407
52671597147
52671596947
52671605437
52671605072
52671601472
52671598247
52667239363
46364326052
52671580482
52671578467
52671576687
52671573137
52671615067
52671614407
52671613207
52671611787
52671610817
52671608637
52671608212
52671607967
52671605372
52671605082
52671603912
52671600077
52671599167
52671591752
52671591427
52671591092
52671589737
52671589497
52671583912
52671583337
52671582462
52671576417
52671573482
52671573217
52671572857
52671571412
52671571117
52671570592
52671569557
52671568162
52671567092
52671566552
52671564082
52671563817
52671563242
52671560487
52671557342
52671556232
52671555787
52671555272
52671553827
52671616507
52671616062
52671572387
52671100872
52671562232
52671575622
52671616042
52671600686
52671645927
52671645867
52671646992
52671647187
52671647087
52671647162
52671646687
52671646657
52671645942
52671646377
52671644922
52671644947
52671606082
52671639932
52671644962
52671644917
52671605492
52671646017
52671646062
52671647057
52671645997
52671645112
52671645812
52671600611
52671645477
52671645462
52671645272
52671646852
52671645177
52671646977
52671645132
52671644662
52671644537
52671643077
52671645337
52671643617
52671642122
52671641712
52671646627
52671646997
52671646902
52671646317
52671645672
52671608312
52671646007
52671643362
52671646672
52671646567
52671646137
52671645402
52671645062
26206135982
52671641332
52671641262
52671642292
52671646562
52671646612
52671644642
52671643682
52671638972
52671254143
52671645397
52671631677
52671629972
52671644857
52671644332
52671884942
52671864972
52671884667
52671884607
52671864497
52671880032
52671879927
52671890082
52671890567
52671890562
52665297958
52671890167
52671890457
52671890442
52671890417
52671890402
52671890382
52671890337
52671890287
52671890257
52671867122
52665986707
49997326941
52572697016
52572697486
52572978659
52639094537
52639094647
52639862979
52640045220
52654087086
52654101201
52671882992
52542931292
52542931832
52671886002
52671886687
52593204329
52671867287
52671847692
52671885142
52671883567
52671878472
52671878392
52671878782
52671892087
52671893072
52671892807
52671892122
50163489352
52671814937
52671813702
52671813152
52671808672
52671805222
52671802862
52671798467
52671790572
52671788992
4018135495
4224682671
447693682
52671781567
52671778427
52671777107
52671773167
52671769102
52671767167
52671761082
52671754207
52671748652
52671747187
4306682589
52671746677
52671745682
52671742292
52671739697
52671738062
52671730262
52671728012
52671727187
52671725402
52671722747
52671720282
52671719247
52671717847
52671714492
52671712722
52671711537
52671705262
52671704552
52671703717
52671699287
52671696447
52671694907
52671685547
52671683682
32368333804
52671759517
52671685127
51339774908
52671815842
52671994622
52671994422
52671994337
52671994307
52671994227
52671994207
52671994107
52671993897
52671993882
52671993837
52671993697
52671993577
52671993337
52671993097
52671993067
52671992642
52671992537
52671992402
52671992282
52671992042
52671991932
52672020157
52672020127
52672020092
52672020047
52672042532
52672019942
52672019857
52672019812
52672019772
52672019762
52672019747
52672019687
52672019577
52672019567
52672093342
52672093082
52672092527
52672092202
52672091052
52672094347
52672094252
52672093912
52672093762
52672093302
52672092382
52672092172
52672091672
52672091467
52672090867
52671992207
52672019927
52672065487
52672064987
52672064732
52672064237
52672063752
52672062482
52672061857
52672060167
52672058742
52672057202
52672048147
52672035722
52672024107
52671888417
52671884907
52671844677
52671835752
52671833652
52671806302
52671792392
52671998792
52671999547
52671837532
52672032082
52672031987
52672031722
52672031547
52672032237
52672032467
52672032487
52672032257
52672050042
52672120797
52672017562
52672017517
52672017442
52672017427
52672017412
52672017367
52672017277
52672017247
52672017237
52672017217
52672017202
52672017187
52672017162
52672017132
52672017112
52672017097
52672017052
52672017002
52672016982
52672016882
52672016832
52672016807
52672016797
52672016782
52672119917
52672016717
52672116542
52672016707
52672016692
52672116057
52672016642
52672016567
52672016557
52672016552
52672016542
52672016442
52672016432
52672016267
52672016222
52672016162
52672122767
52672121992
52672087512
52672086962
52672086022
52672084297
52672081237
52672079952
52672078662
52672075797
4270241718
52672152647
52672138642
52672150357
52672147317
52672146762
52672146102
52672145307
52672144242
52672144002
52672142907
52672142732
52672141427
52672141187
52672140802
52672024987
52672024592
52672024127
52672022527
52672021007
52672153212
52672019377
52672019187
52672018462
52672152847
52672012047
52672008732
52672010667
52672016407
52672013737
52669145848
52672153717
52672153652
52672153397
52672149737
52672149342
52672152777
52672152317
52672152012
52672151987
52672151822
52672151737
52672151492
52672151212
52672151077
52672152662
52672149497
52672148962
52672108937
52672109122
52672109367
52672109762
52672109882
52672110037
52672110117
52672110172
52672110577
52672110702
52672111332
52672111747
52672111857
52672112077
52672112142
52672112452
52672113237
52672114147
52672114547
52672114632
52672115037
52672115312
52672115502
52672115602
52672116052
52672116337
52672116602
52672117482
52672117672
52672117812
52672117992
52672118212
52672118547
52672119297
52672119582
52672120492
52672114772
52672116562
52669848706
52672085857
52668719589
52672118862
52659537712
52672145627
52672150827
52672141917
52672150157
52672140627
52672139467
52672139247
52672138687
52672157537
52672156752
52672156647
52672156087
52672155882
52672150032
52672150552
52672153637
52672153282
52672126447
52672121967
52672157002
52672154057
52672153812
52672153127
52672149427
52672148477
52672143557
52672142117
52672136137
52672135692
52672134792
52672132662
52672131802
52672131467
52672131012
52672127102
52672125097
52672123807
52672120417
52672118542
52672116657
52672114757
52672109322
52672109022
52672108687
52672108327
52672107342
52672141102
52672139657
52672129962
52672124312
52672063652
52672063312
52672062307
52672059962
52672059132
52672057382
52672054287
52672053717
52672053377
52672051932
52672051227
52672050222
52672048982
52672047832
52672046707
52672045617
52672045077
52672048612
52672044612
52672042752
52672041952
52672041757
52672040787
52672038807
52672038242
52672036977
52672036532
52672035872
52672034987
52672033057
52672028987
52672028732
52672026002
52672023217
52672008147
52672005782
52672004072
52671900077
52672002752
52671900032
52671900792
52672000037
52671999692
52671998112
52671996927
52671993432
52671993177
52671992672
52671991362
52671991152
52672065417
52672070307
52672069227
52672185962
52672189177
52672187627
52672165977
52672182012
52672185367
52672178617
52672187952
52672179162
52672179967
50975844263
52672180347
52672180432
52672180497
52672180887
52672181577
49043579402
52672145257
52672121047
52672052112
52672183242
52672182927
52671992452
52672182807
52672182787
52671993092
52671993037
52671992922
52671991217
50998148365
52672189372
52672189087
52672188842
52672187267
52672181052
52672186542
52672186362
52672181972
52672141722
52672141012
52672140697
52672140302
52672139887
52672139442
52672138507
52672137742
52672137237
52672137022
52672135417
52672135297
52672134942
52672134622
52672133232
52672132027
52672130777
52672130162
52672128277
52672127857
52672126707
52672125222
52672124237
52672124077
52672123542
52672121387
52672121067
52672120407
52672119647
52672119342
52672118012
52672117502
52672117267
52672117017
52672116632
52672116332
47590846181
52672136052
52672118697
52672116067
47556761612
52672101037
40618328283
46668851935
52672115772
52672115622
52672118047
52672117997
52672117987
52672115467
52672115437
52672117902
52672117882
52672117867
52672117857
52672117817
52672115387
52672117757
52672117747
52672117737
49048597637
52672117677
52672117642
52672117597
52672117557
52672116162
52672116137
52672116117
52672116092
52672115997
52672115952
52672115942
52672115927
52672115922
52672115897
52672115882
52672115852
52672115807
52672115802
52672115752
52672115742
52672115737
52672115707
52672115692
52672115597
52672115587
52672115577
52672115517
46860377874
43181420231
49597254518
39709634552
23913804423
36039421602
49153414831
27872057957
52671685472
52671689612
52671556362
52671551897
52671547152
52671545197
52671543852
52671543087
52671542547
52671541177
52671540717
52671537912
52671536762
52671531582
52671530872
52671528737
52671528472
52671527912
52671523217
52671522187
52671519237
52671517567
52671515997
52671512702
52672011566
52671509167
52671508357
52671507637
52671505537
52672005391
52671503962
52671503152
52672001016
52671999156
52671998826
52671998471
52671497312
52671496612
52671495657
52671494782
52671994031
52614649537
52671684412
52671548942
52671525617
52671496077
52673176375
52672739666
52672240602
52673238213
52672739686
52672240662
52673238258
52673033419
52672240677
52672739716
52673176500
52672240807
52673033589
52673033444
52673033699
52673176505
52672240987
52673033694
52673176470
52673238623
52673033689
52673238428
52673033584
52672241192
52672241112
52673238768
52673238618
52673238848
52673238908
52672740381
52672241347
52673034104
52672241387
52673238943
52673177125
52673177110
52673034139
52673238783
52673033774
52672740841
52673034539
52673239388
52672740951
52672740711
52673037664
52672744086
52672245117
52673180630
52672744106
52673037719
52673180715
52673037754
52672245192
52673242743
52673180735
52673180895
52673242768
52672744276
52673180790
52673037809
52673180875
52672245347
52672245232
52672245332
52672245322
52673180860
52672245437
52673242783
52673180995
52672245452
52673180770
52672744496
52673181080
52672744556
52673038214
52673038209
52673181150
52673038244
52673243118
52673181175
52672245732
52673038329
52673243248
52673181225
52672245807
52673181300
52673038454
52672744101
52673042554
52673247448
52673247453
52673042624
52673185350
52673042649
52673042714
52673042739
52672250232
52672250257
52672749131
52672252707
52673044594
52673187030
52673187025
52673044419
52673249498
52673044459
52673044484
52673187100
52673187175
52673044584
52673249668
52672252207
52673044649
52673044674
52672252347
52673044734
52672252402
52672252397
52673044764
52673044769
52672751371
52673249898
52673187420
52673187470
52673249903
52673249818
52673187510
52672751451
52673044889
52673044969
52672751501
52673250133
52672252797
52672252772
52673250113
52672751686
52673250193
52673045149
52673250243
52673250253
52672751336
52672751156
52673048974
52673048994
52673049024
52672755371
52673254103
52672256607
52673254108
52673049114
52673254148
52673191505
52673254188
52673191515
52673254198
52672755461
52673191490
52673254183
52673191555
52672755486
52673049144
52673191575
52673191570
52673191590
52673254258
52672755566
52673049214
52672256792
52673254283
52673254278
52672755576
52673254308
52673254313
52673254338
52673191510
52673191745
52673049324
52672755671
52672755786
52673254448
52672755811
52672755866
52673191875
52673191885
52672755871
52673254538
52673191705
52672257007
52673049499
52672256997
52673049529
52673194570
52673257203
52672758871
52673257193
52672758901
52672259692
52673257323
52673194715
52673194710
52673052334
52672259797
52673052439
52673257508
52672259707
52673194925
52673257558
52673257563
52673052494
52672759186
52673052504
52673052514
52673257598
52672259962
52673265523
52673060474
52673060504
52673265598
52673265588
52673203070
52673203240
52673265728
52672768011
52673203350
52672767811
52673203335
52672268287
52672268462
52672767861
52673203205
52673060779
52673265938
52673060784
52673062549
52672769876
52673205110
52673062499
52672769811
52673205085
52673205075
52673267798
52672769886
52673205155
52673267803
52672769951
52672270807
52673062854
52673267868
52673205325
52673267898
52673062674
52673062679
52672770001
52673062594
52673062789
52673205355
52673205415
52673268048
52673268188
52672271107
52672770446
52673063299
52673063434
52673206075
52672271547
52672770491
52672270862
52673206355
52672274152
52672274107
52672773396
52673271588
52673271583
52673271558
52673271578
52673066199
52672274317
52673271618
52672773501
52673208855
52672274352
52672773536
52672773541
52673066244
52672773596
52672274402
52672773586
52672274452
52673066309
52672773661
52672274487
52672274512
52672773761
52673066409
52672274612
52673066479
52673209055
52672773771
52673066529
52673272003
52673209110
52672274807
52673066534
52673272133
52672774016
52672773881
52672773871
52673209090
52673272223
52672274957
52673066814
52673209445
52672275372
52672777661
52673275938
52672777291
52673070659
52673212500
52673212505
52673212550
52672278497
52672278492
52672777451
52673212570
52673070314
52673070309
52673070304
52672278692
52672777501
52673070364
52672278542
52673070549
52672278512
52672278617
52672278647
52672777576
52672777356
52673275733
52672278697
52672278727
52672777726
52673212835
52673070559
52673275833
52672278777
52673212985
52673070614
52672279197
52673275943
52673275968
52672278957
52673213130
52673213005
52672778066
52673213155
52672279062
52672778091
52672778186
52673074164
52673279348
52672781796
52672781816
52672282712
52673216610
52673279503
52672282762
52673074409
52672781946
52672781961
52673279623
52673216760
52673074434
52672282922
52673074479
52673216835
52673216875
52673279343
52673074534
52672781666
52673074154
52673074559
52672782171
52672782176
52672283102
52672283107
52673279938
52673217270
52673279883
52672283122
52673217160
52672782461
52673280028
52672283097
52672782531
52673074989
52673280153
52672782581
52673280078
52672782636
52673217660
52672782916
52672287082
52673283813
52673220925
52673283858
52672786041
52673283918
52672786166
52673221010
52673284048
52673221130
52673221135
52673078489
52673221170
52673221165
52672786351
52673078624
52672786471
52673284373
52673078724
52673221385
52672786486
52672786506
52673221445
52673221200
52672287547
52673221465
52673078854
52673284508
52673284543
52673221535
52673284503
52673284498
52673284523
52672786641
52673221645
52673284123
52672786791
52672287817
52673221750
52673221830
52672786911
52672287897
52673225440
52672291337
52672291332
52672291327
52673082589
52673082594
52672790571
52673288533
52673082689
52672790671
52673225590
52673288668
52673082829
52673288743
52672790841
52672291572
52673082949
52673288768
52672291662
52673082964
52672291702
52672291722
52673225845
52672291787
52673288958
52673226200
52673083184
52673083454
52672791156
52673083314
52672291912
52673083359
52672291972
52673289133
52672291877
52673226070
52672292037
52672791061
52673289253
52673083414
52673226140
52673225965
52672291492
52673083179
52672292147
52672292162
52672791321
52673230795
52672795996
52673293998
52673294003
52672296737
52673294018
52673230820
52673230855
52673294043
52673294038
52673088109
52673088074
52672796101
52673294073
52672796096
52673294088
52673230890
52672296837
52673230910
52673230900
52672296872
52672796151
52672296742
52673230800
52672296897
52672796166
52673088274
52673088254
52673088269
52672296922
52672296957
52673294173
52672296962
52673231010
52672296937
52672297022
52672297007
52672297047
52673294218
52673088354
52673294193
52672297117
52672297112
52672297017
52673294268
52673294283
52673231145
52673088479
52673088504
52673298973
52673092889
52673235950
52672301792
52672801601
52672801511
52673299673
52673299153
52673299183
52673093504
52673236160
52673299523
52673236225
52673299493
52672302052
52673299443
52673093089
52673299408
52672302152
52672801291
52673299438
52672801156
52673093374
52672302027
52673093059
52673299558
52672301842
52673235995
52673236195
52673235955
52673298988
52673299608
52673092864
52672302317
52673093524
52673236540
52673093574
52673236555
52672801456
52673236640
52673299753
52673093679
52673299788
52672302467
52672801711
52672806376
52673241345
52673098219
52673304273
52673241180
52673098274
52672806131
52672806161
52673304383
52672306997
52673098454
52673304508
52673241415
52672806331
52673304498
52673241445
52673241270
52673098489
52672307117
52672307197
52672806436
52673098594
52673241555
52672307267
52672307242
52672307182
52673241185
52672806561
52672806606
52672806581
52673304708
52673241610
52673241630
52673304748
52673304838
52672806711
52673098769
52672311892
52672811086
52673102904
52673309383
52672811171
52673309503
52673309483
52672811216
52673309533
52673309518
52672311997
52672312027
52673246305
52672811261
52673103054
52672811291
52673103069
52673246310
52673309578
52672811331
52672312112
52673309628
52673246380
52673309643
52673246400
52673246405
52673103169
52673309713
52673103194
52673246440
52672312272
52672811496
52672312267
52673309743
52672811506
52673103304
52672811551
52672312347
52672811601
52672811586
52673309858
52673309923
52672312397
52672312462
52673310023
52672811711
52673310043
52673103544
52673246730
52673251865
52673251675
52673251600
52673108184
52672316812
52673314743
52673108249
52673251710
52672816621
52673251735
52672816731
52672816721
52673314913
52673251795
52673316648
52672818906
52673110519
52673316693
52673316758
52672319532
52673110589
52673316743
52673316738
52673316823
52672319587
52672819061
52673253920
52673316903
52673316973
52673110739
52673317008
52672819281
52672319677
52672819366
52673317123
52672319882
52673254210
52672818991
52673317183
52673317223
52673317198
52673254295
52672819501
52673316768
52673110999
52673111024
52672319697
52673254420
52672819081
52672320072
52672819626
52672320152
52672320192
52673111234
52672324162
52673258070
52673114939
52673321498
52672324037
52673115154
52672324042
52673258075
52672823431
52673114869
52673321508
52672823321
52672823301
52672823261
52672323907
52672323897
52673114864
52673115034
52672323932
52672823401
52672823481
52672823476
52672324067
52673115089
52673115099
52673258145
52672823506
52673321318
52672323937
52673321408
52672823601
52673258290
52672324217
52673258330
52672823271
52672823696
52673119769
52673262815
52673119659
52673325763
52673262890
52672328712
52673262955
52673262860
52673263055
52673326038
52673326008
52673263155
52673263180
52673326153
52673120069
52672828591
52673326258
52673120099
52673263295
52673120094
52672328867
52672828291
52672329172
52672329202
52672329182
52672329232
52673120144
52673120189
52673120184
52673263375
52673326403
52672329302
52672828836
52673120249
52673120254
52672828846
52673326488
52673120329
52672828961
52673330723
52672832886
52673091634
52672799346
52673297328
52672333627
52672798966
52673233790
52673330813
52673267780
52673330798
52672333687
52672333717
52672327957
52673330928
52672833366
52672333832
52673124864
52672333937
52673123144
52672831781
52672332192
52672831671
52673122864
52672332887
52672831551
52673329053
52673265890
52673265820
52672825696
52672334247
52673125174
52672333932
52673125199
52672837311
52673272235
52672837376
52672837356
52673128939
52672338222
52672837611
52673335083
52673129069
52672338077
52672837406
52672837721
52672837781
52672338317
52672340712
52673274330
52673337193
52673274170
52672340087
52672839586
52673337018
52673273840
52672339827
52673130629
52673336873
52673273910
52672839396
52673336978
52673273935
52672839481
52673337023
52673274030
52672340072
52672340107
52673274190
52673337203
52673274355
52672839726
52672340302
52673337488
52672340367
52673131174
52672839976
52673337538
52672840056
52672840061
52673131339
52673131324
52673337198
52673274625
52673131379
52672340552
52673274200
52672340167
52673131409
52672340372
52673337688
52672840256
52672340702
52672340807
52673279590
52673136059
52673279485
52673342578
52673342583
52673136224
52673342693
52673136304
52672345462
52673279630
52673136259
52672345532
52673279725
52672345392
52673136469
52673342868
52672345857
52673136619
52672345802
52672845301
52672845456
52672844956
52672845351
52672345917
52673280175
52673136854
52672844876
52673280250
52673279685
52672345467
52673136274
52673279600
52673342633
52672349957
52673347623
52673347603
52673284150
52673347643
52673347633
52673347648
52673284175
52673347683
52673140859
52673284260
52672849616
52672849606
52673347763
52673347778
52672849671
52673141004
52672350127
52672350167
52673347843
52673347823
52673141034
52672350182
52673140994
52672849781
52673347918
52672350222
52673347933
52672849876
52672350282
52673347973
52673141209
52672849881
52673141229
52672350242
52672849796
52672850006
52672850011
52673141324
52673348248
52672350502
52673284730
52672350572
52672850206
52672350602
52672855146
52672355507
52673146504
52673146509
52672356087
52672855356
52673146519
52673290095
52672355867
52673146594
52672355757
52673290150
52673290145
52673353203
52672355767
52673290140
52672355782
52673289950
52672355847
52673146674
52672355872
52673146744
52673146724
52673290355
52672355972
52673353343
52672355952
52672356022
52673146819
52673146804
52673353293
52672356042
52672356062
52672356077
52673290120
52672855696
52673146889
52672356097
52672356092
52672855721
52673290565
52673290570
52673353448
52673290630
52673147099
52672855986
52673152714
52673358808
52673358818
52672361567
52673152699
52673295920
52673295945
52672361647
52673152759
52672361637
52672861456
52673358853
52672361727
52672361652
52673152884
52672861561
52673296170
52672861576
52673152874
52673296220
52672861601
52673152919
52672361857
52672861656
52672361967
52673296325
52673296375
52673296395
52672362022
52673296400
52672861886
52672861876
52672362152
52672861896
52672362232
52673359403
52673358863
52672362272
52672362252
52672861991
52673153309
52673153289
52673296645
52673359558
52673359548
52673359633
52673365323
52673302015
52673158884
52673158289
52672367432
52672866766
52672367822
52673158719
52673364738
52673158379
52672367557
52672367767
52673158479
52673158564
52673364913
52672367707
52673301745
52673364993
52673158624
52673301800
52673158699
52673158679
52673158589
52672367657
52673301825
52673365068
52673365093
52672367792
52673301850
52673301675
52672367517
52673365238
52672367982
52673158914
52672367462
52673158924
52673365298
52672866741
52673365333
52673158544
52673159014
52673365463
52673365133
52673365488
52672867551
52672367567
52673301500
52672874286
52673372203
52672374857
52672874396
52673372283
52673308750
52672874441
52673165819
52673372358
52673372333
52673308850
52672375007
52672874516
52673165884
52673308895
52673308880
52672874641
52672874646
52673308930
52673165924
52673309005
52672375142
52673372503
52673309015
52672375172
52673372583
52672874756
52673309070
52672874751
52672375257
52672874786
52673372628
52672874791
52672874836
52673372568
52672375457
52673166179
52672375522
52673309270
52672382462
52672382217
52672382112
52673379713
52672381957
52672381917
52672881341
52673379558
52672381987
52672881441
52673315620
52672881586
52672881551
52673315670
52672881606
52672881631
52673172369
52673172529
52673315735
52673315745
52672382232
52672881681
52673379533
52673315455
52673379893
52673379908
52672881796
52673172619
52673379973
52673172644
52673315945
52673316030
52673172799
52673380098
52672382547
52672382602
52672382797
52673172964
52672382507
52672881791
52672882276
52672382937
52673380498
52672382972
52672882336
52672383012
52672382997
52672887286
52673321355
52673178084
52673321520
52672388037
52673321600
52673321330
52673321545
52672387837
52672388237
52673178489
52673385868
52672388322
52673321805
52673386008
52673321685
52672887911
52672388597
52673178809
52673386218
52673322075
52673178869
52673178879
52673178839
52673386248
52673386223
52673178984
52672388842
52673322320
52673322360
52672388907
52673322390
52673179174
52673386498
52673179229
52673322565
52673322385
52672888901
52673322655
52673179854
52672396307
52673186824
52673394018
52672895466
52673394048
52673186624
52673329830
52673394248
52673394273
52673394408
52673186894
52673186944
52673329940
52672895886
52673394108
52672895956
52672895966
52673329730
52672895556
52673394068
52673186589
52673329705
52673394633
52672396717
52673187079
52672895931
52673187239
52673394763
52673330330
52672900131
52672400727
52672400712
52673398633
52672900096
52672900091
52672900081
52672900066
52672400662
52673191159
52673191154
52672900041
52673333950
52673191179
52673333940
52673398538
52672400702
52673398673
52673191289
52672400867
52673398803
52672400697
52672900321
52673191459
52672900316
52672900361
52673191314
52673334170
52672900376
52672401067
52673398898
52672900031
52672900416
52672401082
52673399043
52673334420
52672401227
52673191754
52672401222
52673399198
52672401057
52673191874
52672900746
52672900736
52672401387
52673399408
52672401537
52673340575
52673340530
52673340515
52672407242
52672407192
52673340365
52672906756
52673404723
52672906726
52672906626
52672906611
52673340705
52672407432
52672407312
52672407052
52672906586
52673197544
52673404598
52673404633
52672407097
52672407082
52672906791
52673340400
52672407262
52673404788
52673198189
52673404893
52673198074
52672906981
52673340630
52672407517
52673197974
52672407557
52673340740
52672407657
52673405233
52672407697
52673340860
52672407707
52673340865
52673197804
52673197769
52672407757
52673198174
52672907321
52673198419
52673204374
52672913331
52672913276
52673411228
52672913206
52673346975
52673204254
52673346770
52673346835
52672413532
52673204284
52673346895
52672913256
52673346875
52673411273
52672913396
52673346985
52673204434
52672913426
52672413662
52673411418
52672417522
52673350730
52673350725
52673208269
52672917336
52673350995
52672417782
52673415598
52672917406
52672917461
52673208469
52672917471
52672917536
52673415718
52673208644
52673415783
52672418007
52672917511
52673208744
52672917761
52673351170
52673208819
52672917766
52673351350
52673415828
52673415893
52673208849
52673208734
52673208689
52673415698
52672917856
52673208859
52673415968
52673351100
52673351095
52672917466
52673208429
52673415433
52673208149
52672417502
52673416088
52673416113
52672418342
52673209034
52672922431
52672922511
52673420793
52672422972
52673356090
52673420848
52672922621
52672922631
52673420908
52672922646
52673213659
52672922661
52672422957
52673356275
52673213734
52672922746
52673356305
52673421008
52673213749
52673213779
52672922786
52673213769
52672423242
52672922721
52672922906
52673421218
52672423507
52673356635
52673214069
52672923181
52673356740
52673356795
52672423717
52673214299
52672423732
52673213854
52672423962
52673421598
52673214629
52672423817
52673214324
52672923271
52672923896
52672924056
52673214189
52673363505
52672430522
52672929871
52673363540
52673221224
52672929961
52672930081
52672430777
52673428368
52673363670
52673221429
52673363940
52672930231
52672930266
52673364050
52673221444
52673428053
52672930276
52673221864
52673428588
52672930431
52672930446
52673363740
52672930421
52672930466
52673221304
52673221939
52672929901
52673221964
52672930541
52672431222
52673221849
52673364380
52673364435
52672431377
52673222044
52672437677
52672937006
52672936996
52673435483
52673370585
52673228034
52673435428
52673435388
52672936821
52673227919
52673370455
52673227889
52672936746
52672936706
52672936686
52672437307
52673227729
52672437252
52673227684
52672437152
52673434983
52672936416
52672936391
52673434918
52673434903
52672437092
52672437072
52673227474
52673434878
52673227909
52673370125
52672437187
52673435063
52672437207
52673370275
52673227764
52673370490
52673376335
52673233184
52672942361
52673375890
52673375885
52672442922
52672443007
52672942301
52672942446
52673233159
52673440963
52673233419
52673376115
52673441103
52672942611
52673376190
52672443242
52673376125
52673376170
52673233574
52672443502
52672443512
52673376415
52673441393
52673233394
52673233844
52673441363
52672443707
52673441398
52672943166
52673441728
52673376080
52673376895
52672444162
52672444237
52673377210
52673442013
52672943526
52672943581
52672943461
52673377325
52673382710
52673447653
52673383225
52672949231
52672450452
52672949151
52672949101
52673240189
52672450262
52672450222
52672450177
52673239964
52672948881
52672948836
52672450057
52673447663
52673240064
52672948996
52673447808
52673448128
52672949076
52672949036
52672450172
52673382720
52673240244
52672450417
52673447933
52673240329
52673240009
52672450457
52673447983
52673383165
52672450492
52672450517
52672949291
52673240459
52673447898
52673383270
52673447753
52673382735
52672949386
52673448203
52673383375
52673383285
52673240764
52673382890
52673383645
52672451042
52673448518
52673455423
52673247509
52673247349
52672457772
52673455163
52673455148
52673247449
52672956396
52673455303
52673247684
52673390515
52673247789
52673455503
52673455498
52673457273
52672459837
52672958296
52672459887
52672958411
52673457318
52673249824
52673249864
52673249889
52672958571
52672958506
52673250094
52673393100
52673393185
52673457763
52673393015
52673393205
52672958761
52673392985
52673457793
52673397720
52673254404
52672963301
52673462278
52672464752
52672963171
52672464692
52672963121
52673462088
52672464507
52672962966
52673254049
52672464387
52673253994
52672962806
52673461823
52673461778
52672464367
52672963886
52673253914
52672464302
52673397340
52673254004
52673397320
52673254044
52673461978
52673254084
52672967016
52673258119
52673401450
52673258139
52673258204
52673258934
52673467038
52673258734
52672967566
52673258469
52673258299
52672967331
52673466583
52673401310
52673258344
52673466643
52672967326
52673466438
52672469037
52672967186
52673466373
52672468907
52673466353
52673466288
52673401860
52673258024
52673466823
52673466818
52672967651
52673467033
52672469697
52673258719
52673258899
52673401845
52673258609
52672967526
52672967511
52672967476
52673258644
52672968291
52673258564
52672967561
52672470182
52673265309
52672476437
52673473808
52672974386
52672974356
52672476352
52673265184
52673265144
52672974246
52672974141
52673473548
52673265049
52673473703
52673409245
52672974361
52672476592
52672476607
52672974336
52673409080
52673473553
52673409365
52672974136
52673409650
52673265589
52673474088
52673265554
52673474038
52673409430
52673265484
52672476637
52672476552
52672477207
52672979646
52673478953
52673414715
52672482022
52673414775
52673414870
52672979951
52672980026
52673270689
52673270674
52673415115
52673270424
52673479373
52672482547
52672482557
52673479278
52672482182
52673270379
52673414720
52672482652
52672482697
52673479668
52673414975
52672482812
52673414965
52673415275
52673270724
52672980116
52673274494
52672486697
52672984081
52673418985
52673483278
52673483273
52672984126
52673419115
52672984231
52673483373
52673419255
52673483448
52673274794
52673483528
52673419410
52673274899
52673483583
52673483648
52673274964
52673419575
52672984531
52673483698
52673419630
52673419680
52673275174
52672984436
52673483878
52673419780
52673484018
52673483623
52673275444
52673274584
52672492882
52673280444
52672990146
52672492812
52672990071
52672990031
52673424755
52673280134
52673488973
52673424550
52672990701
52673280834
52673489598
52672990316
52673280409
52673424515
52672989781
52673488983
52672990026
52673280279
52673280334
52673424915
52673489218
52673280414
52672990176
52673280594
52672989766
52673280154
52672990411
52673489503
52672990406
52673489558
52673489773
52673489478
52673489278
52672492712
52673488988
52673489728
52672493192
52672493297
52673280999
52673425020
52673280994
52673495618
52673431245
52672499137
52672996376
52673431170
52673495483
52672996406
52673497388
52673433035
52673433185
52673288929
52673433370
52673433405
52672501292
52672998606
52672501372
52673288739
52672998686
52673433495
52672998656
52673288819
52672500977
52673433005
52672501417
52673433570
52673433560
52673497633
52673497973
52673497753
52673497953
52672501242
52672999006
52672999171
52672501917
52672999111
52672501962
52673289679
52672999126
52672501282
52673289074
52673003796
52673503028
52673438565
52673003616
52673003631
52672506677
52673003696
52673003666
52673503128
52672506687
52673003731
52673003726
52672506707
52673438660
52673503378
52673438700
52673003781
52672506732
52673503348
52673003886
52673503198
52672506767
52673503193
52673003826
52673503248
52672506797
52673003856
52673503263
52673503188
52673503308
52672506717
52673503123
52673294184
52673438905
52672506622
52673503008
52673003916
52673438955
52673438510
52673294414
52672506967
52673503468
52673294464
52673004021
52673503533
52673004066
52673294559
52673294489
52673301569
52673011251
52672514177
52673510573
52673510588
52673301549
52673446410
52672514182
52673446400
52673446375
52673510608
52673011231
52673301524
52672514172
52673301554
52673011241
52673446390
52673510558
52672514187
52673446380
52673446415
52673301529
52672514227
52673011236
52673301544
52672514192
52673301509
52673301584
52673011291
52673011331
52673510698
52673301684
52672514342
52672514372
52673510798
52673301739
52673510808
52673446565
52672514547
52673510998
52673446760
52673301999
52672514722
52672514817
52673447035
52672514932
52673511378
52673012111
52673447090
52673017911
52673452755
52673452675
52672520662
52673307859
52673307834
52673516588
52673516523
52673307639
52672520307
52673452150
52673307634
52673452305
52673307499
52673516368
52673452130
52673017291
52673307624
52673017391
52672520267
52673017491
52673017441
52673452465
52672520497
52673452625
52672520537
52673307934
52672520562
52673452825
52673453005
52673452980
52673452765
52673018006
52673307614
52673517128
52673308349
52673517063
52672520552
52673018346
52673307854
52673308604
52673453490
52673453650
52672525162
52673312529
52673521228
52673457505
52673312604
52673022471
52673521793
52673457615
52673022396
52673457680
52673022466
52673022306
52672525647
52673312784
52673312759
52673521408
52672525342
52672525207
52673457865
52672525887
52673457940
52672525967
52673022811
52673023016
52673313384
52673313404
52673313449
52673313469
52672525782
52673458220
52672525757
52673022786
52673458270
52673458320
52673313549
52673023246
52673023321
52673313804
52673023141
52673313984
52673466880
52673031751
52673031731
52673530783
52673530773
52672534952
52673322274
52672535127
52673031976
52673032046
52672535352
52672532212
52673028891
52672535037
52673530278
52673322684
52673531358
52673031036
52672533992
52673465925
52673465470
52673440225
52673322734
52673457285
52672813953
52672535902
52673022091
52673319524
52672508102
52673032761
52673531433
52673520008
52672536032
52673531708
52672531042
52673323069
52673032951
52673526923
52673526778
52673320109
52672315561
52673331359
52673539923
52672544597
52673476100
52673040861
52672544602
52673540053
52673476195
52672544777
52673331544
52673476245
52672544852
52673331679
52673331674
52673041221
52673476360
52673540253
52673041386
52672545032
52673476520
52673476530
52673476555
52673041446
52673331929
52673331964
52673476295
52673331514
52673476375
52673540693
52673041646
52672545327
52673332359
52673332389
52673476980
52672545487
52673540953
52673540228
52673332494
52673540428
52673331844
52672544732
52673477200
52673042051
52672544927
52673541148
52673339839
52673548418
52673484475
52673548043
52672552377
52673339129
52673048681
52673339214
52672552497
52673484180
52673484225
52673547973
52673048836
52673339384
52673048851
52673484295
52672552632
52673484340
52673048961
52673484380
52673484480
52673049086
52673049076
52673484535
52673484555
52673484460
52673339714
52673484575
52673339754
52673548393
52673548518
52673339899
52673049291
52673049391
52672553132
52673339874
52673340039
52673343804
52673343849
52673055991
52673055286
52673554703
52672559447
52673346139
52673554823
52673490860
52673490915
52673055481
52673554848
52673554828
52672559577
52673055381
52672559337
52673554728
52673494665
52673558588
52673558553
52673059361
52673558583
52673350169
52673350154
52673059301
52673558523
52673558628
52673350309
52673558643
52673494690
52673494735
52673558713
52672563352
52672563432
52672566107
52673062196
52673353054
52673561688
52673353139
52673561748
52673497615
52673353159
52673353224
52673353234
52673497715
52673561833
52673561938
52673353334
52673497830
52673353349
52673561913
52673062476
52673497905
52672566427
52673561883
52673565943
52673066496
52673501635
52672570367
52673501590
52673066296
52673357634
52673501615
52673357109
52673501650
52673066351
52673357144
52673565658
52673502105
52673565948
52673066401
52672570267
52673357299
52673565718
52673066301
52672570452
52672570402
52673357319
52672570292
52673357419
52673066646
52673357524
52672570562
52672570537
52672570387
52673502215
52673566118
52673502350
52673357759
52673570783
52673071441
52672575387
52673570788
52672575432
52673507150
52672575427
52672575462
52672575512
52673362324
52673570813
52673071631
52673570948
52673570953
52673071641
52673071696
52673071676
52673507275
52672575582
52673071606
52673570853
52673571023
52673362514
52673571138
52672575777
52673071826
52673507365
52673507620
52673362649
52673571348
52673571418
52673072106
52673072126
52672576092
52673571658
52673507660
52673077821
52673368739
52673368744
52673368774
52673513950
52673577618
52672582147
52673513955
52673577663
52673580133
52673516650
52672584207
52673516815
52673516840
52673516990
52673371414
52673371324
52672584617
52672584572
52673580443
52673516875
52673516760
52673580253
52673517205
52673517220
52673517030
52673081201
52673517240
52673517285
52673371579
52673371284
52673081171
52673516925
52673580403
52673371184
52672584377
52673580228
52673080451
52672584277
52673371114
52673580938
52672584137
52673081066
52673371944
52673371919
52673081241
52673372059
52672584957
52672585197
52673088256
52672592052
52673088176
52673378939
52673524350
52673378744
52673087791
52673587723
52673087761
52673587763
52673087821
52672591722
52673524280
52673587868
52673587883
52672591817
52673378824
52673587888
52673587778
52673378834
52673378724
52673087931
52673378884
52672591732
52673587743
52673587843
52673087781
52673378929
52672591967
52673088116
52673088146
52672591972
52673587998
52672591977
52673531015
52673530910
52673594338
52673385214
52673530475
52673593978
52673530085
52673094466
52673093851
52673530285
52673530345
52672598192
52672598242
52673385094
52672598282
52673094196
52673530505
52672598382
52673530715
52673385359
52673094461
52673594528
52673385539
52673594653
52673531175
52672598842
52673385169
52673531215
52673531245
52673094826
52673385644
52673594808
52673530065
52673094961
52673094996
52673531380
52672599072
52673094206
52673531425
52673538580
52673393404
52673538530
52673602553
52673393364
52673602493
52673102251
52673393309
52673393299
52672606537
52673393269
52673102206
52673393224
52673102151
52672606482
52672606452
52673393234
52672606497
52673102186
52673602433
52672606507
52673538445
52673102191
52673602538
52673102161
52673538645
52672606777
52672606817
52673393769
52673602793
52673538755
52673538750
52673102456
52672606892
52673102496
52673602728
52672606987
52673102501
52672607057
52673393564
52673102571
52673393539
52673102361
52672607127
52672607177
52672607227
52673109411
52673400124
52673545635
52673109456
52672613892
52673400144
52673400154
52673609328
52673109481
52673109471
52673545765
52673400199
52672613937
52673609418
52673609528
52673545910
52673545895
52672614062
52673609533
52673545945
52673545960
52673109666
52673546045
52672614182
52672613982
52673109776
52673400504
52672614242
52672614247
52673400544
52673109841
52673546215
52673609753
52672614342
52673609768
52673609763
52673400634
52673546260
52672614477
52673609873
52673546360
52673546350
52673400779
52673400829
52672624592
52672624537
52673119831
52672624382
52672624312
52672624247
52673410374
52672624257
52673556230
52673414164
52673123201
52673622673
52672627707
52672627767
52672627797
52673123291
52673559745
52673413979
52673622753
52672627847
52673414014
52673559785
52673559840
52673622873
52673559850
52672627922
52673559830
52672627902
52673559905
52672627992
52673414089
52673414109
52672627962
52672628012
52672628002
52673414154
52673622918
52673622828
52672628072
52673123621
52673414274
52673123681
52673414304
52673560200
52673560230
52673623253
52673123761
52672628377
52673623428
52673414734
52673623453
52673623608
52673124141
52673124181
52672628847
52672639297
52672639267
52673570830
52673134441
52673425519
52672639237
52673134371
52673425484
52672639167
52673425449
52672639157
52673425394
52673633818
52672639112
52673633793
52673425334
52673425254
52672639032
52672639922
52672638997
52673134191
52673425234
52673570480
52673134241
52673425219
52673570690
52672638952
52673425169
52673425439
52673570590
52673570775
52673570560
52673570930
52672639347
52672639337
52672639357
52673570790
52672639397
52672639387
52673425689
52673134596
52673425759
52673134701
52673633978
52672639647
52673425839
52673634283
52673134936
52673425834
52673434839
52672648662
52673643413
52673580310
52673144056
52673435029
52673643543
52673643533
52673580215
52672648597
52673144196
52672648577
52673643268
52673144241
52673643253
52672648982
52673144371
52673580575
52673643848
52673144386
52673144431
52673643858
52673143996
52673643963
52673144401
52673435369
52672649227
52672649247
52673644073
52672649242
52673580925
52673440904
52673440709
52673585935
52673649033
52672654362
52672654232
52673149451
52672654002
52673585420
52673585515
52673585615
52673585595
52672654152
52673648693
52673648683
52673648668
52673585535
52672654112
52673149701
52672654287
52673590325
52672659122
52673154441
52672659017
52672658997
52673653228
52672658962
52673653198
52673590160
52673590145
52672658887
52673590050
52673154241
52673653088
52673444844
52673653068
52673653023
52672659177
52673445024
52673154276
52673653033
52672658757
52672658767
52672658797
52673154191
52673444769
52673590010
52672658817
52672658832
52672658852
52673590105
52673590080
52673653138
52673154421
52673444989
52673154431
52672659037
52673154436
52673445044
52672659127
52672659157
52673653333
52673154521
52672659172
52673154626
52672659252
52673154686
52673445294
52673154741
52673590015
52673453874
52673661888
52673661878
52672667872
52672667912
52673453904
52673163341
52672667922
52673163346
52673599115
52673661898
52673661963
52673453979
52673454029
52673454019
52673454004
52673599205
52673163426
52673454024
52673163446
52672668057
52673454059
52673163491
52672668082
52673163501
52673458654
52673459089
52673667113
52673168276
52672672967
52673604015
52673666938
52673603925
52673603970
52673667028
52673667068
52673604045
52673667108
52672672877
52673604130
52673168091
52672672947
52673168136
52673168041
52673667188
52672673097
52673458999
52673168271
52673604205
52673459084
52673168296
52672672992
52673604100
52673168001
52673458634
52672673457
52673667473
52673459249
52673458639
52673667463
52673168456
52673167986
52673459159
52673168581
52672673427
52673604335
52673604295
52672673517
52673177361
52673675998
52672681462
52673612970
52673612930
52672681372
52673467489
52673177036
52673467444
52673177051
52673675813
52673467504
52673467589
52673612980
52672681437
52673467734
52672681487
52672681502
52673467769
52673177326
52673613045
52672681517
52673613105
52673613115
52672681607
52673467919
52673467949
52673613185
52672681672
52673177576
52673613225
52673468124
52673468019
52673613415
52672682032
52673177921
52673676523
52672682122
52673676623
52673613665
52673676533
52673178146
52672682267
52673468589
52673676983
52673178041
52672692232
52673478224
52673623275
52673686873
52673188276
52673188176
52672744932
52673530734
52672744887
52673530684
52673242021
52673676365
52673530604
52673530569
52673739968
52672744657
52673241866
52673739898
52673739928
52673676265
52672744687
52673739993
52673740083
52673530699
52673530869
52673739963
52673676655
52673740223
52672745037
52673242016
52673740283
52673676490
52673530829
52673676465
52672745137
52672745212
52673740493
52673676995
52672745277
52673531109
52673676730
52673676380
52673676410
52673530959
52673242356
52673676800
52673531404
52673740593
52673740358
52673676740
52672753417
52672753447
52673685360
52673748808
52673685405
52672753567
52673250831
52673539429
52673251046
52673539599
52673685770
52673251206
52673251256
52673749368
52673251271
52672754017
52673685985
52672754077
52673749508
52672754092
52673539874
52673749528
52673539939
52672754207
52673251536
52673540109
52673754488
52672758862
52673691010
52673544249
52673544409
52672758977
52673544334
52673754293
52673256331
52673256336
52672758727
52673544224
52673256371
52673754238
52673754268
52673256391
52673544254
52673754343
52673754428
52673754413
52672759007
52673544464
52673754563
52672759127
52673690925
52673690870
52673544579
52672759187
52673691070
52673544734
52672759307
52673256991
52673544804
52673257106
52673257111
52673691145
52673691400
52673691390
52673691300
52673755083
52673256956
52673755123
52673544964
52673257331
52672759692
52672767422
52672767407
52673762868
52673699420
52672767287
52673552659
52673699285
52673762738
52672767187
52673762678
52672767127
52673699125
52673699115
52673265071
52673762633
52673699075
52673265046
52673265066
52673265061
52673265091
52673699180
52673699175
52673265176
52673762743
52673265231
52673699395
52673699385
52673265406
52673762898
52673552899
52673699465
52673762948
52673699545
52673552989
52672767627
52673553064
52673265546
52673553134
52673763123
52672767747
52673553179
52673265731
52673763438
52673265971
52673553369
52673699955
52673265811
52672767212
52673562789
52673709235
52673709230
52672777182
52672777177
52672777162
52673709200
52673562754
52672777152
52673275401
52673275366
52673275381
52673773073
52673709195
52673275391
52673709260
52673562699
52673562879
52673275536
52673709325
52673709320
52673562909
52673562954
52673773253
52672777377
52673773263
52673563009
52673275681
52673563004
52673275696
52673773313
52673563069
52673709560
52673773383
52673773363
52672777517
52672777552
52673773443
52673562784
52673563194
52672777612
52673563219
52673563209
52673275881
52673709785
52673275356
52672777827
52673563419
52672785407
52673571219
52672785562
52673283526
52673571274
52673781028
52673571279
52673283531
52672785627
52673717805
52673717810
52673717880
52672785697
52673283666
52673283656
52673571404
52672785777
52673283751
52673571459
52673718115
52672785877
52673718125
52673571564
52672785952
52672785987
52672785982
52673283936
52673571634
52673781418
52673781138
52673283501
52673718265
52673781468
52673571779
52673718370
52673284066
52672786162
52672786152
52673718200
52672785552
52673284091
52673571844
52673781623
52672792867
52673788108
52672792912
52673290671
52673290716
52673725255
52672793062
52673725300
52672793132
52673290796
52673725305
52673578339
52673291006
52673290936
52673578434
52673788118
52673788008
52673788053
52672792817
52673788543
52672793352
52673725645
52673291151
52673578709
52673291186
52672793487
52673788498
52673578754
52673725785
52673788828
52673725780
52673291256
52673788973
52673578949
52672793652
52673725945
52673291361
52672793687
52672793662
52673789013
52673291391
52673291406
52673291416
52673579009
52673291401
52673291451
52673291476
52673579079
52673579099
52672800762
52673733135
52672800817
52673586049
52673795848
52672800887
52673733300
52673298181
52673298216
52673586229
52673298251
52673795973
52673298236
52673586254
52673298241
52673586279
52673796033
52673796038
52673586354
52673586359
52673298346
52672801042
52673733415
52672801082
52673586409
52673733455
52673796143
52673298541
52672801242
52673733625
52673796343
52672801257
52672801237
52673796283
52673303771
52673303796
52672806692
52673801663
52673801683
52673303831
52673801708
52673592339
52673592524
52673592619
52672806897
52673304081
52673592529
52673739310
52673739295
52673303926
52673801723
52673801638
52672807047
52672807082
52673304041
52673739555
52673592854
52673592874
52673592564
52672807272
52673304411
52673592979
52673739700
52673801768
52672807327
52673593019
52673592354
52673739760
52673304496
52673802128
52673739835
52673599494
52673310861
52673745965
52673599504
52673745955
52673310866
52673746000
52673746010
52673310936
52672813717
52673599649
52673311056
52673745950
52673599684
52673311096
52673599714
52673311156
52673599754
52673599749
52673311221
52673746290
52672813967
52672813917
52673746340
52673311316
52673809178
52673311006
52672814067
52672814097
52673750555
52673750580
52673604204
52673813818
52673813853
52673604254
52673604319
52672818597
52672818557
52672818772
52673604379
52673604359
52672818647
52672818532
52673604169
52673750815
52673604419
52673315826
52673316091
52673316131
52673750955
52673750965
52673316276
52673814288
52673604604
52673814303
52673604614
52672819062
52673814348
52673751075
52672818552
52673750595
52673316366
52673316001
52672819167
52673814403
52673751210
52673316456
52673315921
52673316511
52672819317
52673814533
52673751305
52672819402
52672818662
52673814693
52673814698
52673605154
52673612544
52673822383
52673822378
52673822458
52673324281
52673612569
52673759230
52673759235
52673822653
52673822488
52673759275
52672827277
52673612649
52673822418
52673612709
52672827297
52673759255
52673822548
52673324356
52673612699
52673324376
52672827332
52673759330
52672827372
52673822618
52673612744
52673759400
52672827377
52673822583
52673324486
52673759535
52673612854
52673324516
52673759610
52673612924
52673612629
52673822413
52673828708
52673765675
52672833822
52673765610
52673765540
52673618814
52673828668
52672833737
52673618799
52672833787
52673618764
52673618824
52673618774
52673765565
52673618739
52672833832
52673618729
52673765495
52673765695
52673828818
52673618894
52673618889
52673828833
52673330596
52673828768
52673330581
52673330386
52673765755
52672833977
52672834047
52673330736
52673330756
52673828973
52673765860
52673829013
52673619059
52673828933
52673618974
52672834137
52673619104
52673766015
52673331006
52673619274
52673331061
52673766365
52673838178
52672842842
52673838578
52672842917
52673838213
52672842802
52673628504
52673838478
52672842937
52673339616
52673838243
52672842772
52673774985
52672843107
52673339701
52672843012
52673775025
52673838328
52673775000
52673838248
52673838423
52673339801
52673775195
52673838463
52673339876
52673339871
52673838543
52673628519
52673775290
52672843252
52673775330
52673838633
52673340051
52673628639
52672843387
52673775520
52673628714
52673628749
52672843462
52672843512
52672843562
52672851952
52672851962
52673784665
52673348726
52673784715
52673847558
52673847598
52673637074
52672852052
52673784795
52672852092
52673847643
52673348856
52673847788
52673637244
52672852167
52673637279
52672852177
52673348896
52673847543
52673847753
52673847453
52673637344
52673348946
52673847808
52673348901
52672852367
52673637429
52673785110
52673349111
52673637519
52673785030
52673349096
52673349086
52672852467
52673637534
52673847908
52673348961
52673784930
52672852487
52672852352
52673847738
52673349166
52673785180
52673637654
52672852477
52672852632
52672852772
52673647779
52673647759
52673795485
52673858168
52672862517
52673359801
52673795355
52672862402
52673858038
52673647554
52673647529
52673359711
52673858063
52673359771
52672862527
52672862552
52673795555
52673795580
52672862697
52673360081
52673360126
52673795760
52673647999
52673648179
52673858638
52673360366
52672863007
52673858723
52672863027
52672863037
52673648359
52673648344
52673648434
52673858493
52672863197
52673360106
52672863232
52673796270
52673796315
52673796310
52673648589
52673648464
52673648719
52673859148
52672863362
52673796485
52673869508
52673806480
52673370731
52673806195
52673869068
52672873552
52673806260
52673806290
52673370791
52673370776
52673370811
52673370896
52673806405
52673658529
52673658524
52673806440
52673370986
52672873802
52673806505
52673806490
52673806540
52673869393
52672873842
52673371131
52672873977
52673869233
52673806675
52673806670
52673869358
52673371266
52673371246
52673371261
52673869278
52673658904
52672874107
52673658364
52673371301
52673869633
52672874202
52673658989
52673806860
52672874222
52673371461
52673869783
52673869538
52673815810
52673667949
52673667939
52673380106
52673878523
52673667814
52673379981
52673878323
52672882872
52673667589
52673667609
52673815460
52673667594
52673667614
52673667624
52672882937
52673667719
52673379986
52673878388
52673878383
52673878473
52673815670
52673380076
52673815665
52673667844
52673667859
52673878478
52673667919
52673878558
52672883182
52673667944
52673878618
52673668014
52673815850
52672883302
52672883307
52673668144
52673815875
52672883317
52673668204
52672883442
52673878783
52673816015
52673667584
52673816135
52672883722
52673879133
52673887868
52673888493
52672893302
52673389266
52672893172
52673389376
52673389346
52673389296
52672892922
52673887853
52673677249
52672892962
52673389401
52673389411
52673677399
52673888098
52673677544
52673825305
52673677564
52673677664
52673888268
52673677689
52673389686
52673825445
52673825215
52672893337
52673389781
52673888478
52673888498
52673389806
52673389826
52673825585
52673677864
52672893402
52673389896
52673825170
52673825120
52673888663
52673888728
52672902252
52673398766
52672902222
52672902132
52672902077
52673398586
52672902002
52673834455
52672901947
52673398511
52673398461
52673398541
52673398536
52673834425
52672901957
52673686739
52673398591
52673834505
52673686789
52673686834
52673834545
52673897523
52673834585
52673398641
52673897558
52673897543
52673834580
52673398661
52672902127
52673897568
52673398681
52673398701
52673834625
52673834630
52673687014
52672902197
52673897713
52673687044
52673834705
52673834765
52672901852
52672902357
52673897863
52672902392
52673398936
52673907258
52673407971
52673696464
52673907348
52673408001
52673407991
52673844400
52673844465
52672911752
52673408261
52673907643
52673907648
52673696779
52672911922
52672911607
52673844745
52672912112
52673844790
52673696879
52673844795
52673844845
52673907828
52673696939
52673907948
52673907933
52673408486
52673697064
52673908028
52673908068
52673697114
52673844995
52673908083
52673845010
52673696959
52673408651
52672912272
52673408766
52673845280
52672911967
52673852510
52673704594
52673704634
52673852465
52673415771
52673704664
52673415831
52673415861
52673415956
52673852655
52672919387
52672919397
52672919257
52673915518
52673416086
52673704884
52673915583
52673852735
52673852600
52672919492
52673852770
52673852730
52673416176
52673704964
52673852800
52673852675
52673852820
52672919552
52673416031
52673852835
52673915698
52672919597
52673416276
52673705079
52672919602
52673852950
52673705149
52672919237
52672919727
52673915853
52672919722
52673705244
52673915953
52673915528
52673424756
52672927592
52673924188
52673713304
52673860895
52673424631
52672927507
52673424611
52673860880
52673924108
52673924158
52673713319
52673924163
52673713299
52673424726
52673924178
52673713349
52672927577
52673424766
52672927602
52673924278
52673861020
52673713404
52673424811
52673924313
52672927687
52673424856
52673713474
52672927732
52673861095
52673713494
52673924403
52673861125
52673861145
52673861150
52673924448
52673713589
52673861175
52673713579
52672927837
52673924473
52673713614
52672927867
52673713659
52672927897
52673861215
52673425086
52673861335
52673861355
52673433881
52673722764
52673870260
52673870225
52672936817
52673722849
52673870295
52673722759
52673870390
52673722839
52673933178
52673434161
52673933268
52672937092
52673434326
52673870665
52673933123
52673933498
52673434081
52672936912
52673933093
52672937187
52673434466
52673723324
52673933628
52673723474
52673723469
52672937527
52673723464
52672937157
52673723609
52673723614
52672937582
52673434666
52672937072
52673870400
52673723709
52673434896
52673723774
52672937972
52673940818
52673441351
52672944387
52672944427
52672944462
52673730539
52673441456
52673441471
52673441496
52673730614
52673730659
52673941053
52673730684
52673441586
52673441581
52673878385
52673940893
52672944502
52673941168
52673441671
52673878530
52672944777
52673878565
52673944498
52673944528
52672948072
52673734249
52673881840
52672948192
52673881890
52673881905
52672948262
52672948277
52673734379
52672948297
52673734374
52673445081
52673882020
52673445106
52673445121
52673445151
52673944773
52673734254
52673944803
52673734544
52673944893
52673445401
52672948682
52673945028
52673882240
52673445231
52673944778
52673882420
52673734819
52673445581
52673945193
52673734874
52673445671
52673945253
52673882570
52673882565
52673445756
52673445776
52673735144
52673890380
52673742799
52672956542
52673453646
52673890195
52673742649
52672956532
52672956587
52673890275
52673952673
52673742764
52673890325
52673952688
52673742829
52673890360
52673742844
52672956727
52672956747
52673952803
52673890340
52673952833
52673952863
52673890480
52673890495
52673890515
52673952978
52672956902
52673743069
52673743054
52673454116
52673890605
52673953083
52673953073
52673743104
52673454106
52673454141
52673743169
52673953053
52673454046
52672957157
52672957177
52673890735
52673743364
52673454581
52673890905
52673898970
52672965752
52673751324
52673898990
52672965837
52673899045
52673462701
52672965872
52673961753
52673751474
52673751749
52673751644
52673462771
52673462631
52673899160
52672965897
52672965942
52673899250
52673961938
52672966107
52673961983
52672965992
52673751559
52673899330
52673462986
52673899345
52673462866
52673751809
52673899470
52673463091
52673463096
52673751839
52673463146
52673463161
52673463206
52673899630
52673751944
52672966457
52672966442
52673752019
52673899795
52673899835
52674230958
52673730146
52673730056
52674021399
52673236632
52673730261
52674169340
52673730081
52673236792
52674230663
52674230623
52673729846
52674169315
52674169400
52673236747
52673236757
52674230548
52673730076
52674230783
52674021604
52674230948
52673730276
52673730376
52674169940
52673237242
52674169875
52674021754
52673237002
52673730181
52674021444
52673236622
52673729891
52674169300
52674021304
52674169925
52674021964
52674231088
52674021774
52674169750
52674021764
52674022154
52674231488
52673730501
52674170250
52674176990
52673737061
52674238438
52674177180
52674028959
52674029054
52674238398
52674029069
52673737251
52674177475
52674177515
52673737561
52674238943
52673244877
52674029639
52674239203
52673244992
52674239358
52673738116
52674177950
52673245087
52674178050
52674177995
52673245067
52674029799
52674178010
52674239283
52674029759
52674239243
52673737961
52673244987
52674029924
52673244942
52674239448
52673244892
52674239558
52674239578
52674030304
52673245432
52673245512
52673252702
52673252692
52673746031
52674246943
52673252772
52674185845
52673746091
52674038044
52674185810
52674185910
52674185785
52674185920
52674038074
52674038104
52674247143
52674185975
52674038174
52674038209
52673253012
52673746366
52673253047
52673252987
52673746286
52674186145
52673746276
52674038314
52674247378
52674038069
52674247118
52673252882
52673746026
52673253102
52674247408
52673252872
52674247093
52674038369
52673253132
52674038479
52673746591
52674038509
52673746611
52674247638
52673746601
52674247693
52674247338
52674255073
52673754176
52674193790
52673260432
52674193700
52674193680
52674045924
52673260332
52674046009
52674193805
52673260512
52673754286
52674046254
52674255323
52673260757
52674046374
52674255478
52673754641
52674046529
52674194405
52674255773
52674255778
52673260907
52673754856
52673261127
52674194525
52673261157
52674194560
52674194580
52673754931
52673754971
52674200355
52674261713
52674200215
52673760371
52674261473
52673266947
52674261553
52674052359
52674261578
52674200185
52673760801
52674200225
52673267102
52673267057
52674261863
52674052674
52673266992
52674052704
52674052624
52674200175
52674200495
52674200510
52674200515
52673760876
52673267182
52673760811
52674200725
52674053024
52674200945
52674200875
52673267372
52674053264
52673267262
52673267172
52673267142
52673760751
52674052604
52673761171
52673267502
52673761241
52673266967
52673760521
52674262513
52673760471
52673760416
52674271153
52674061849
52673275782
52674209675
52674061904
52673769891
52674271218
52674061959
52674061944
52673769961
52674061994
52673769941
52674209780
52673275892
52674271328
52674062019
52674271318
52674209785
52673275862
52674062024
52673769976
52674271308
52674271298
52673275897
52674209835
52674062044
52673770031
52674271393
52673770046
52674271428
52673275972
52674271423
52674209905
52673275987
52674271433
52674062154
52674271438
52673770136
52674209925
52674209950
52673770171
52674062214
52673276107
52673770231
52674271583
52674271658
52674271643
52674210160
52674281003
52674281013
52673285322
52673285327
52673779791
52674219960
52674219950
52674219985
52673779916
52673779906
52673779901
52673285437
52674220020
52673779961
52674220060
52674220095
52673780046
52674220115
52674281273
52673780066
52674072074
52674072089
52674072084
52674220140
52673780006
52674072114
52673779946
52674220235
52673780156
52673285742
52673780221
52673285847
52674281473
52674281508
52674220435
52674072349
52674220470
52674220495
52674227945
52674288798
52674227805
52674079544
52673293352
52674288808
52673293382
52674227915
52674079619
52674227850
52673293357
52674289038
52673293602
52674079874
52674289153
52674289203
52673788101
52674079974
52674079984
52674080119
52673788251
52674080124
52674289353
52674080229
52674080224
52673788466
52673294112
52673788501
52674080284
52673788526
52674228745
52673294147
52674228735
52674289163
52673294162
52674228760
52674289643
52673293842
52674079939
52673294332
52673294362
52674228940
52673294417
52673796036
52673301567
52674087954
52673301657
52673301697
52673301702
52674236030
52674236135
52673301897
52673796341
52673796411
52674297303
52674236365
52673301732
52674236375
52673302042
52673301652
52674235805
52674297638
52674297673
52673796586
52674088499
52673796696
52674088549
52674088299
52674088319
52673302257
52674297923
52674297933
52674088674
52674297953
52674298008
52673302397
52674236755
52673302607
52674297978
52674236635
52673796731
52674298298
52674237140
52673797621
52674237465
52674246895
52673807066
52674307773
52673312252
52673312282
52674098849
52674246545
52674246575
52674246585
52674246495
52674308138
52674246735
52674246765
52674246815
52674246875
52673807381
52673807386
52673312912
52673312932
52673807531
52674099564
52674247270
52673807661
52673313072
52674308698
52674247265
52673807666
52674308703
52673807651
52673807691
52674247295
52673807741
52673313202
52674247450
52674308808
52674308878
52674308903
52673807951
52674099874
52674309283
52674309303
52674309348
52674100164
52674309413
52674248010
52674100209
52673808401
52674309503
52673808446
52674111379
52674259465
52674111429
52674320598
52674259685
52674320838
52673820211
52674260095
52674260160
52674320988
52673820411
52673325257
52674111889
52674111884
52674111869
52674111864
52674111874
52674260200
52674321043
52673820466
52674112089
52673820711
52674112134
52674320648
52673820216
52674260660
52674321423
52674321408
52674321403
52673820811
52674112264
52674112269
52673820821
52673820856
52674321483
52674260760
52673325822
52674260745
52674260755
52674112344
52674260740
52673325817
52674112394
52673820931
52674321508
52673828901
52673828921
52674330333
52673334277
52673828961
52673334157
52673334067
52674329948
52674120809
52674120829
52673334032
52673828946
52674268750
52673333982
52673828926
52674329858
52673334162
52673334132
52673829141
52674121014
52673334287
52674330208
52674121119
52674121184
52674121179
52674121214
52674330423
52673829531
52674121314
52674269470
52673334747
52674121489
52673334807
52674330713
52674330683
52674121669
52674330573
52673830011
52673830116
52674269895
52674331023
52674269980
52673830281
52673837481
52674128594
52674128709
52674338018
52673837576
52674277330
52673341892
52674277365
52673837676
52673837736
52674338178
52674277500
52674277515
52674277570
52673342207
52674277700
52674129169
52673342167
52674277690
52673342202
52674338313
52673342007
52673837961
52673342252
52673342267
52674129304
52674338383
52674338418
52674129339
52673342347
52673838096
52673342422
52674278065
52674129519
52673838296
52674129574
52673342697
52674338763
52673342767
52674338793
52674278245
52673838536
52674338958
52674338963
52674339023
52673350832
52674137839
52674286255
52674286285
52674347093
52674286305
52674137859
52673846581
52673351062
52674347178
52674347193
52674286440
52674347323
52673849821
52674289725
52673353922
52674141139
52674141084
52674141059
52674350013
52674289480
52674140899
52673849476
52673354207
52673849731
52673849611
52673849551
52674350003
52674289540
52674141089
52674141124
52674349958
52674141064
52674350343
52674289870
52674289860
52673849941
52673849931
52674350408
52673354227
52673354247
52674141454
52674141099
52674350493
52674350503
52674350533
52673354312
52673354307
52673354332
52674350543
52674290070
52674290080
52674350598
52673354382
52673850091
52673850096
52673850136
52673850121
52674289795
52674350653
52673850176
52674350683
52674299645
52674299695
52673363942
52673363932
52673859871
52673363927
52673363917
52674151344
52674299710
52674299720
52674299735
52674299755
52674151374
52674360338
52673363887
52674299780
52674299790
52674360463
52673859881
52673859981
52673364012
52673364032
52673364027
52673860001
52673860021
52673364062
52674360533
52674151469
52673364112
52673364142
52674151539
52673860096
52673364172
52674299980
52674299995
52674299990
52673860141
52674360648
52673860171
52674300070
52674151589
52674151609
52674151654
52673364287
52673860241
52674300210
52674300240
52673364372
52674370498
52674161699
52673374042
52674161689
52674370533
52674161729
52674309870
52673374132
52674309880
52673870056
52674370583
52673870066
52674309940
52674161774
52673374172
52674309955
52674370643
52674309965
52674309995
52674370628
52674161829
52674310010
52673374257
52673870191
52674161904
52674310115
52674162044
52674162039
52674162079
52673374472
52674370878
52674310290
52674370853
52674370873
52673374532
52673374527
52674370893
52673374357
52674370913
52673870441
52673870431
52673870456
52673374597
52674370978
52674371008
52673374642
52673374672
52674310425
52673374707
52673879531
52674171244
52673383372
52674380368
52673879521
52674380033
52673383367
52674379943
52674171044
52674379828
52673383257
52673383272
52674319015
52674319025
52673879206
52673879236
52673383327
52673383332
52674380038
52674319220
52674171209
52673383557
52674380218
52674171379
52673383637
52673879601
52674319235
52674319455
52673879746
52674319465
52673879736
52674171514
52674319460
52674319470
52674380438
52674171549
52673879951
52673879896
52674380808
52674178804
52673391287
52674178769
52673886916
52674326900
52674178744
52674326870
52674326865
52674387823
52673391232
52673391212
52673886851
52673391202
52674326810
52674178654
52673391167
52673391157
52673391147
52673886796
52674326740
52674387633
52674178569
52673391107
52673886741
52674387703
52674387713
52674178519
52674387673
52673391087
52674326785
52674178684
52674387803
52674178729
52674387978
52673887021
52674326980
52674327000
52673391337
52673887061
52674387998
52673391327
52673391347
52674327025
52674388003
52673887066
52673887081
52674388028
52674327095
52673391437
52673391432
52673399517
52674335120
52674187219
52674187204
52673399552
52673895426
52674187224
52674396243
52674335250
52673895456
52674396263
52674396273
52673895481
52674335175
52674187254
52673895496
52674335185
52673895511
52674335195
52673895566
52673895576
52674187364
52673399727
52674187424
52674187459
52673399762
52673399767
52674396498
52674396558
52674335435
52674396613
52674187504
52674187754
52673895816
52673895836
52673895826
52674396728
52673895881
52673400087
52673400112
52674187814
52674187829
52674396763
52673895841
52674335535
52674194504
52673406657
52674194489
52673902326
52674194434
52673406552
52674194324
52674342150
52674403223
52674342220
52674342245
52674194509
52674403248
52673406752
52674194594
52674342490
52673902426
52674342500
52674403403
52674194614
52673406757
52673902561
52674403693
52674342775
52674403953
52673407117
52674342495
52673406682
52674342275
52674195009
52673902941
52673902931
52674343095
52673903006
52674195159
52674404118
52673903191
52674343490
52673903201
52673903456
52674350945
52674202549
52673414597
52673414577
52674350825
52674202369
52674202324
52674411383
52674202234
52674411323
52674350595
52674350545
52673414337
52674411208
52674350400
52673414282
52674350505
52673414392
52674202089
52673414372
52674411638
52673910031
52674411543
52674350815
52674350775
52674202329
52674202289
52674411368
52673414437
52673909791
52673909746
52674411268
52674202079
52674411233
52674350475
52673910066
52673910121
52673910146
52674202649
52673420987
52673420957
52673421187
52674356660
52673916571
52674208754
52674356615
52673916481
52674418163
52674208644
52674418113
52674418138
52673421172
52674418328
52674356590
52673421052
52673916521
52673421077
52674208739
52674418313
52673916616
52674418353
52674208839
52673916661
52673916991
52674418768
52674209294
52674418833
52674418693
52674209249
52674418933
52674418938
52674418528
52674208809
52674356585
52674356985
52673421112
52674209439
52674209499
52674419118
52673421142
52674419188
52674209159
52674418828
52673924886
52674364985
52674426738
52673429157
52674426808
52674426838
52674365070
52674216884
52674216874
52674365125
52673429232
52674216889
52673925036
52673429277
52673429597
52674217289
52674427243
52673429607
52673925396
52674365495
52674217304
52674217344
52674217369
52673429687
52674365525
52674365720
52674427343
52674427178
52674216909
52674365475
52673429772
52673429777
52673429757
52673429692
52674365630
52674365735
52674217679
52673925581
52674427773
52673925841
52674427948
52673430277
52674427858
52674217529
52674436093
52674373680
52673437957
52674435998
52673437882
52674373545
52674435933
52674373515
52673933421
52674435873
52673437732
52673933321
52674225069
52673437652
52673933266
52673437617
52674225114
52673437762
52673933386
52673933381
52674373455
52674373505
52674225299
52674373685
52674436123
52673438032
52673438037
52673438057
52673933671
52674436133
52673933666
52674225349
52673438042
52674436088
52674373635
52674435988
52674225124
52673437857
52673438202
52673933976
52673438422
52673438437
52674436618
52674225854
52674233629
52674444708
52673941661
52673446027
52674381985
52674233484
52674233459
52673941571
52674233419
52673445912
52673445897
52674444473
52673941486
52674233369
52674444433
52674444353
52673941351
52673941346
52673941331
52674444263
52673445722
52674381650
52673445682
52674444488
52674233414
52674444518
52674381940
52673941596
52673941606
52674233479
52673941626
52674444633
52673446012
52674444678
52674233579
52674444738
52674233654
52673446137
52673446142
52673446132
52674233664
52673446182
52674382155
52674444638
52674233724
52674444858
52674241659
52674452588
52674241769
52674241664
52674452593
52673453877
52673949986
52674241904
52674452793
52674390305
52673453977
52673453972
52674390340
52673950116
52674242064
52674242094
52674242124
52673454102
52674242199
52674242229
52674242209
52674390410
52674452888
52674242274
52673454237
52673454247
52673454242
52674242314
52674242329
52674390645
52673950411
52674242374
52674390680
52674242364
52673950471
52674390720
52674453158
52673950516
52674390725
52673454392
52674390730
52674241974
52673950586
52674390775
52673950606
52674242499
52674250139
52674250149
52673958136
52673462557
52674461043
52674250319
52674250194
52674250174
52673958091
52673462877
52674461358
52673958296
52673462432
52674250134
52674250519
52674250119
52674398175
52673958406
52673462377
52673957996
52674460788
52673462682
52674398405
52674461088
52674460763
52673462332
52673462532
52674460953
52673957971
52674398205
52674250509
52673958001
52674460768
52674460713
52673958476
52674398845
52673958216
52674461588
52673463022
52673958731
52673964366
52674404885
52673468572
52674405140
52674467623
52674467853
52674257194
52673964986
52673469132
52673469092
52674257034
52674467673
52674404975
52673964816
52674404900
52673964806
52673468792
52673469137
52673964756
52673468832
52673468747
52673964401
52674467803
52674467938
52673965176
52673965181
52674257414
52674257424
52674257339
52673469457
52673965221
52674257539
52674468103
52674257559
52673469557
52674405475
52673469582
52673965376
52673469217
52674404810
52674412335
52674475493
52674412470
52673476992
52674412475
52673972241
52673476982
52673972236
52673972251
52673476972
52674412495
52674264554
52674264549
52674412515
52673972291
52674475603
52673972301
52674475648
52673972316
52673477042
52674264649
52674412545
52673972351
52674475663
52673477082
52674475693
52674412590
52674264719
52674412615
52674264734
52674264724
52673477142
52674412650
52673477127
52674264754
52674475758
52674412685
52674475783
52674412695
52674412705
52674412700
52673972431
52674264809
52673972456
52673477237
52674484583
52673486252
52673981401
52674484563
52674421745
52674421815
52673486007
52674484673
52674273769
52674484708
52674484728
52673981501
52673981666
52673981741
52674273964
52673981811
52673486472
52674274094
52674422365
52674274104
52673981911
52673981936
52673981946
52674422070
52674274294
52674485533
52674422710
52674335749
52674547938
52674484135
52674484020
52674043781
52673549217
52674336124
52674548183
52673548982
52674335779
52674043106
52674483680
52674483710
52674336019
52674336139
52674043571
52673549317
52674043901
52674336314
52674043641
52674548383
52674336264
52674483605
52673549147
52674484070
52673549567
52674484145
52674548588
52674043991
52674548603
52674484200
52674336499
52674484205
52673549527
52673549247
52673549687
52673549682
52673549727
52674548743
52674336504
52674554658
52674050196
52673555367
52674342619
52673555392
52674342659
52674490065
52674342669
52674342674
52673555417
52674490085
52674342689
52674050256
52674554728
52674342759
52674342749
52674050286
52674050296
52673555527
52674490175
52674490250
52674554838
52674490270
52673555687
52674050526
52674343009
52674050511
52673555737
52674490440
52674050626
52674555043
52674555063
52674490485
52674343084
52674490125
52673555832
52674050691
52674343119
52674050621
52673555957
52674555173
52674342064
52674341984
52674049611
52674489245
52674490825
52674051131
52674497200
52674497170
52673562797
52674350329
52673562687
52674057691
52674350214
52674057951
52674561668
52674497300
52674350579
52674058116
52674350804
52673563197
52674561523
52674497740
52674058411
52674497765
52674497900
52673563452
52673563482
52674497945
52674498045
52674351334
52674497595
52674498300
52674498525
52674498465
52674498460
52674562668
52673563972
52674498370
52673563812
52674498250
52674498475
52673563727
52674562443
52673563667
52674562383
52674059081
52673564022
52674498075
52673563557
52674561558
52674562948
52674059311
52674506410
52674506555
52674359699
52674506510
52674067551
52673572262
52674506460
52674067541
52673572462
52673572297
52674506430
52674067531
52674571033
52674067511
52674571008
52674570988
52674570978
52674067471
52674506590
52674570963
52674067451
52674506580
52673572377
52674506550
52674359729
52673572272
52674359719
52674506685
52674359709
52674570928
52674506705
52674506535
52674506720
52674506530
52674570913
52674570898
52674067376
52674360034
52674506900
52674067811
52673572697
52674360019
52674067826
52674360014
52673579717
52673579697
52674366914
52673579652
52674513740
52674366829
52674513730
52674513750
52674513785
52674366969
52674513905
52674578093
52674367059
52674513835
52674074851
52674366919
52674513870
52674367314
52674367249
52674074751
52674367174
52674578148
52674074881
52674514075
52673580092
52674514310
52674075046
52674075231
52674578393
52674367089
52674075301
52674578328
52674578303
52673580247
52674372704
52673585277
52673585272
52674583888
52673585252
52674583868
52674080651
52674583863
52674080616
52674080606
52673585267
52673585282
52674080936
52673585492
52674080871
52674372759
52674583983
52674080746
52674519435
52674080911
52674519780
52673585657
52673585717
52673585497
52674372869
52674584028
52674519555
52673585357
52674583958
52674372689
52674584163
52674081326
52674081446
52674373279
52674081186
52673585307
52674519415
52674080621
52674520180
52674373394
52674373659
52674584743
52674081456
52674590658
52674590733
52674526200
52673591867
52673591887
52674590683
52674379824
52674087616
52674591008
52674591038
52674526605
52673591957
52674526610
52674087726
52673591947
52674526670
52673591882
52673592317
52674526765
52673592422
52674591348
52673592537
52674591138
52674591393
52674526715
52674087941
52674591328
52674087976
52674526820
52674087881
52674526870
52673592427
52673592627
52674380239
52674527125
52673592727
52674527315
52674591778
52674380739
52674088456
52674591923
52674380984
52674599433
52673600447
52674599428
52674095816
52674599398
52674388244
52674388214
52674534955
52674388159
52674095721
52673600267
52674388314
52673600547
52674388549
52673600792
52674388514
52673600872
52673600617
52674599818
52673600917
52674599578
52674599833
52674535505
52673600542
52674535510
52674599848
52674388779
52673600312
52674535590
52674388854
52673601162
52674096081
52673601217
52674535680
52674600103
52674388919
52673601262
52673601287
52674535800
52674600018
52673601372
52674096671
52674542225
52674606963
52674395484
52674395494
52674607008
52674606998
52674103106
52674607018
52674542265
52674542280
52674395569
52674607053
52674542290
52674542285
52673607762
52674395604
52674542315
52674395619
52674542355
52673607822
52674607088
52674395659
52674542375
52674395669
52673607927
52673607832
52674103266
52674607203
52674607023
52674103551
52674607593
52673608262
52674542930
52673608242
52674103711
52674607623
52673608317
52674607633
52674103811
52674109756
52674109881
52674548780
52674110141
52674402139
52674613633
52674548745
52674548965
52674110271
52673614892
52674110586
52674549205
52673614842
52674548660
52674548550
52674110541
52673615102
52674110646
52674110696
52674614293
52674110566
52674613878
52674110176
52673614737
52674402669
52674549580
52674110901
52674549715
52674402524
52674614648
52674111121
52674403009
52674402794
52674115886
52674115871
52674555035
52674408204
52674555125
52674116036
52674408314
52674619563
52674115981
52674619498
52674408229
52673620917
52674619493
52674555040
52673620892
52674408219
52674555080
52674555095
52673620922
52674408444
52673621132
52674555435
52674619433
52674619798
52674408584
52673621207
52673621362
52674555630
52674116421
52674619778
52674619738
52674619533
52674619998
52673621487
52674116516
52674408354
52674408864
52674555215
52674555855
52674555770
52674555895
52674620253
52674555515
52674556055
52674556175
52674124996
52673630192
52674417869
52673630212
52674417854
52674125141
52674564660
52674629143
52673630182
52674564590
52674564455
52674629178
52674417819
52673630237
52674629193
52674417949
52674629198
52674417729
52674564680
52673630287
52674564710
52673630067
52673630292
52674418009
52674629323
52673630317
52674629343
52673630362
52674125241
52674129626
52674633728
52674633703
52674422464
52674422444
52673634557
52674633643
52674569080
52673634652
52674569065
52674569140
52674633748
52674422564
52674422434
52674422594
52674422634
52673634772
52673634587
52673634937
52674569515
52674569520
52674130216
52674130161
52674422869
52674130186
52674423044
52674569765
52674569750
52674422939
52673635217
52673635192
52674130211
52673635087
52674634523
52674634583
52674634593
52674130051
52674634603
52674634678
52673635527
52673635417
52674137361
52674429839
52674137376
52674576960
52674137391
52673642037
52674641193
52674429899
52674137421
52674576990
52674137416
52674577005
52674641273
52674137596
52674430024
52673642207
52673642217
52674577215
52674137611
52674576970
52674641423
52674137666
52674641453
52674577015
52674577330
52674641493
52674429969
52674641498
52674137551
52674577100
52674577085
52674641243
52674430214
52673642092
52674137456
52674576995
52674641608
52674641613
52674641503
52673642472
52673642492
52673642497
52674641578
52673642522
52674430219
52674430269
52674641673
52674584400
52674649008
52674648983
52674144786
52674584345
52674437099
52674144771
52674648963
52673649387
52674648938
52674437054
52674584310
52674144721
52674144711
52674648918
52674584270
52674584260
52674144706
52673649362
52673649377
52674584290
52674584410
52674584330
52674144851
52674649098
52674144871
52674649103
52673649627
52674584655
52674437384
52674145061
52673649787
52674584780
52673649892
52673649932
52674649458
52674584910
52674437614
52674145201
52674144801
52674437729
52673649592
52674144741
52674145396
52674649633
52674593290
52674657838
52673658317
52674593300
52673658342
52673658357
52674593325
52674593330
52674593320
52674446114
52674153571
52673658372
52674153576
52674657908
52674446164
52674446179
52674153606
52674153586
52673658402
52674593295
52674657943
52674153641
52673658432
52673658442
52674658143
52674593685
52674446494
52674593975
52674593510
52674593495
52673659012
52674154336
52674658548
52674446614
52674446934
52674601270
52674665433
52674453759
52674601195
52674161406
52674601140
52674453674
52674161311
52674665203
52674665208
52674665358
52674601325
52673665937
52673665922
52674161401
52673665967
52674601285
52674665488
52674665508
52673666017
52674601165
52673666057
52674601495
52673666142
52674665633
52674601545
52673666102
52674161626
52674161561
52674665493
52674454039
52673666232
52674453909
52673666002
52674601255
52674601235
52674601625
52674453984
52673666467
52674162096
52674665958
52674162206
52673666762
52674161971
52674602035
52674454304
52674666573
52673667077
52674610940
52673676192
52673676202
52674463689
52674610990
52674610995
52674463729
52674611050
52673676322
52674611075
52673676342
52674463774
52674463789
52673676397
52674171921
52674171906
52674611205
52674611225
52674172021
52674463939
52674464004
52673676582
52674464014
52674676033
52674611430
52674464174
52674611460
52673676782
52674676103
52674676203
52674676218
52673683932
52673683967
52674179661
52674618820
52674683458
52674618865
52674618980
52674179801
52674683348
52673684267
52673684302
52674683848
52674686778
52674686693
52674622025
52674686573
52674621925
52673687032
52674621815
52674621780
52674182671
52673686837
52674182631
52674686353
52673686887
52674621855
52674686458
52674474394
52674621955
52674686583
52674474629
52674621820
52674622185
52674474769
52674622265
52673687337
52673687327
52674686858
52674686798
52674622220
52673687427
52674183006
52674622085
52674686968
52674622450
52674183286
52674622510
52674687113
52674622655
52673687452
52674622090
52674474339
52674694883
52673695257
52674694908
52674630315
52674630340
52674191161
52673695347
52674695018
52674630480
52674483459
52674694973
52673695607
52674630780
52674191551
52674630795
52674695478
52674695468
52674695553
52673695252
52674695568
52674630810
52674191766
52674630765
52673696012
52674191531
52674695323
52674191451
52674191426
52674483524
52674630665
52674191401
52674630585
52674631155
52673696142
52674483394
52674695843
52674631205
52673696242
52674631225
52674484219
52674484234
52674631235
52674484244
52674695858
52674200716
52674640815
52673705402
52673705342
52674200446
52674492874
52674704743
52674640575
52674640525
52674640550
52674200431
52673705262
52674200511
52674704808
52674704753
52673705352
52674704818
52674200581
52674640770
52674493079
52674493084
52674704913
52674200676
52674200686
52674640850
52674640780
52673705502
52674493004
52674200466
52674640895
52674200361
52674200746
52673705547
52674705013
52674493109
52674705088
52674493199
52673705602
52674640910
52674704933
52673705667
52674493289
52674705148
52674640965
52674200891
52674705293
52674493479
52673713447
52674209131
52674649270
52674209151
52674209191
52673713547
52674209221
52674649350
52673713567
52673713607
52674501444
52674501464
52674209271
52674649425
52673713652
52673713687
52674209316
52674713308
52674713263
52674649490
52673713697
52673713507
52674501634
52674209441
52674209461
52674713513
52674209486
52674713568
52674209631
52674209711
52674713638
52674713548
52674713508
52674209716
52674501654
52674649525
52674501494
52674649355
52674209776
52674209141
52674650020
52674502144
52674713853
52673714287
52674650170
52674209971
52674502224
