52680363145
52680363135
52680423718
52680423738
52679411647
52680423733
52680211119
52680423748
52680423768
52680423753
52680211149
52680211159
52680363160
52679927526
52679927506
52680423828
52680423853
52680211189
52679411742
52679927606
52680211279
52680423933
52680423938
52679927646
52680423813
52680363295
52680423993
52679411797
52680424003
52680211309
52680363350
52680424043
52680211349
52680424088
52679411927
52680211374
52679411982
52680424208
52679927816
52680424223
52680424243
52679927896
52680363570
52680211479
52679412187
52680424358
52679927961
52680211559
52680424323
52680424383
52680211634
52680424443
52680424438
52679927926
52680211694
52680424548
52680424578
52680424558
52679928086
52679412237
52680363660
52680211754
52679412372
52680424448
52680211809
52680363825
52679928201
52680363895
52679927921
52680424753
52679928251
52680211859
52680424768
52679928336
52679928326
52680211919
52679928181
52680211939
52679928406
52679412667
52679412677
52680212049
52680212044
52680212084
52679928536
52680363685
52679928571
52680425028
52680425108
52680425133
52679928681
52680212144
52679928686
52679928636
52680212254
52679412832
52680364255
52680425058
52680212124
52680212314
52680364425
52679413022
52680212379
52680212364
52680212384
52680212419
52679412867
52680364535
52680425418
52680212464
52680425393
52679413132
52680425403
52679413147
52679929021
52680364650
52680364320
52680212369
52679413007
52679928741
52680212599
52679413282
52680212669
52679413297
52680364795
52680364810
52680425658
52679929236
52680212724
52679929261
52680212319
52680212234
52679929166
52679929051
52679413187
52680212744
52680426088
52680364880
52679929346
52679929176
52680425773
52680425783
52680364960
52680364965
52680425798
52679929331
52679413362
52680212739
52680364820
52679413497
52679929476
52680425748
52680365060
52680365075
52679929276
52680364840
52680365100
52680212989
52680213044
52679413762
52680426083
52680213219
52679413822
52679929756
52679413872
52679413322
52680365310
52680214449
52679414942
52680427258
52680427208
52680366285
52680427173
52680427308
52680214324
52680366435
52679414962
52680214314
52680366400
52679414917
52679415007
52679930901
52680427483
52680366540
52680427198
52679930691
52679930996
52680366590
52680214539
52679415157
52680427588
52680214569
52680427623
52680427648
52679931141
52680366805
52680427798
52679415277
52680214744
52679415327
52679415252
52680427883
52679931286
52680427893
52679931326
52680214869
52679931336
52680427583
52680366945
52679415447
52680214944
52679931391
52679931471
52680367520
52679416037
52680215374
52679931921
52679416002
52680428518
52679415977
52680428508
52679415947
52680428503
52679415927
52680215324
52680428493
52679415897
52680215304
52679931891
52680215344
52680428513
52680428573
52680215379
52680215369
52679931896
52680215404
52680428658
52679932011
52680215544
52680215389
52680367675
52680215599
52680428753
52680367750
52679932136
52679932171
52680367830
52679416382
52679932231
52679932246
52679416427
52680367940
52680367945
52679932531
52680216094
52679416697
52680216114
52680429228
52679416752
52680216199
52680429283
52680368295
52679932706
52679416852
52680216259
52679932711
52679416907
52679416882
52679416927
52679932721
52679932736
52679416952
52680368425
52679417017
52679932806
52680216394
52680216424
52679417107
52679416672
52679932936
52679416822
52679932956
52680429498
52680368600
52680216499
52679933031
52680368640
52679933046
52679933061
52679417242
52680216589
52680368725
52680368730
52680429623
52679417312
52680369240
52679933591
52680369285
52680430158
52680369275
52680217119
52680217129
52680217284
52680430308
52680430068
52680217249
52679417797
52679933726
52680430268
52680430223
52680217199
52679417822
52679933666
52679933721
52679933651
52680217159
52680430273
52680430278
52680217134
52680369400
52680217124
52679417767
52679933596
52680430113
52680430303
52680430098
52680369220
52680369450
52679417707
52679417677
52679417992
52680369460
52679933851
52679933871
52680430428
52680369550
52680430488
52679933706
52680369600
52679933826
52680369705
52679934611
52680370305
52680218209
52680370415
52680370540
52680218289
52680218319
52679418902
52679418897
52680431393
52680370530
52680431423
52679419012
52680431438
52679419042
52679419057
52679934791
52679934836
52680431258
52679419132
52680370650
52680218514
52680218529
52679419122
52679419292
52679934916
52680370710
52679934906
52680218534
52680370555
52679934926
52680218564
52679418767
52680370715
52679418882
52679934961
52679934996
52680218609
52680370735
52679419322
52679419342
52680370745
52680218634
52679419357
52680370750
52679419442
52679420057
52680371325
52679420007
52680371245
52680371220
52680432263
52680371175
52680371145
52679419842
52680371120
52679935431
52679935466
52679935551
52679419957
52680371230
52680432323
52680432313
52680219279
52680432373
52680432428
52679420102
52680432418
52680432438
52680432283
52679935721
52680432488
52680219514
52679935826
52679420247
52679420252
52680432593
52679935931
52679420232
52679420187
52680371570
52680371615
52680219659
52680219744
52679420487
52680432803
52679936151
52680219809
52679420612
52679420632
52680432953
52680371800
52680432853
52679420657
52679936291
52679936321
52680219974
52679936346
52680433023
52679420772
52680371980
52679936476
52680433158
52679936516
52680372055
52679936586
52680372085
52679936591
52680220164
52679936646
52680220244
52679421052
52679936686
52680433218
52680372240
52679420637
52680372290
52680220339
52680220389
52680433448
52679421187
52679421197
52680433393
52679420617
52680372330
52680220499
52679936866
52679937096
52680372650
52680433873
52679421557
52680433903
52680372785
52680372825
52679937281
52680220899
52680220909
52679937291
52680372915
52680220969
52680221009
52679421767
52680221039
52680434138
52680434148
52679421852
52680373095
52679937571
52679421907
52680373130
52680434283
52680434273
52680221214
52679937631
52680373285
52680373330
52680221384
52680434458
52680434473
52679421582
52679422182
52680373450
52680434618
52680373505
52680434588
52680173426
52680173406
52680670123
52680173436
52680173446
52680173461
52679655182
52680455564
52680455559
52680173481
52680455574
52680173486
52680455579
52679655227
52679655222
52680608665
52680670198
52680173516
52680455609
52680455614
52680173541
52680670233
52679655272
52680608720
52680173526
52680608750
52680455644
52679655312
52680670248
52680455639
52680608790
52680670268
52680608765
52680173591
52680670273
52679655332
52680455679
52680455704
52680670308
52679655452
52680173721
52679655317
52680608950
52679655507
52680173771
52680457104
52680457069
52680671708
52679656847
52679656842
52680457109
52680671768
52680671718
52680174976
52680457189
52680610365
52679656937
52679657047
52680671993
52679657062
52680672028
52680175361
52680457364
52679657162
52680672073
52680457449
52680457334
52680610465
52680671713
52679657287
52680672178
52679657362
52679657332
52680175601
52680457634
52680457254
52680671963
52680457679
52680671933
52680610385
52680457694
52680175671
52679657132
52679657017
52680457744
52680610740
52680175166
52680457789
52680672108
52679656977
52680175026
52679658477
52680458704
52680176711
52680176721
52680176746
52680611965
52679658642
52680673523
52680673543
52680673563
52680612100
52680673698
52680176951
52680176851
52679658872
52679658877
52680612200
52680673793
52680673443
52680612240
52680176756
52680611935
52680673848
52680612310
52679659032
52680177241
52680612410
52680612425
52680177251
52680177246
52680612420
52680673953
52680612485
52679659257
52680177366
52680674073
52680673873
52679659342
52680177476
52679659237
52680459444
52680674048
52680612015
52679659422
52679659427
52680460334
52680675183
52679660257
52679660307
52680460259
52680460324
52680675248
52680675243
52680460354
52680675308
52680178621
52680460379
52680675298
52680178586
52679660672
52679660627
52680460574
52679660452
52679660552
52680460489
52680613815
52680460459
52680178626
52680460394
52680178686
52680675273
52679660497
52680675258
52680613705
52680675158
52680178736
52680675343
52680613730
52680178771
52679660567
52680675468
52680178821
52680460639
52680178876
52680178856
52680675583
52679660687
52680614070
52680178721
52680460829
52680460834
52680905328
52680691554
52680691549
52679892647
52679892667
52680409301
52680409296
52680843705
52680843715
52680905388
52680409316
52680905393
52680691604
52680843755
52680409346
52680905408
52679892772
52680843770
52680843785
52680905478
52680905453
52680409396
52680409436
52680843800
52679892812
52679892822
52679892832
52680843830
52679892862
52680409466
52679892867
52680905633
52680691734
52680905733
52679893072
52679893117
52679893127
52680905538
52680844025
52680905813
52680409531
52680905518
52680905843
52680409676
52679893147
52680694299
52680412001
52680846640
52680411936
52680846580
52680846555
52679895472
52680694129
52680908053
52680694074
52680846355
52680694009
52680694089
52679895277
52679895237
52680411646
52679895182
52680693889
52679895132
52680693914
52680908423
52679895272
52680846290
52680694039
52680411996
52680411801
52679895447
52680694179
52680694169
52680411876
52680908148
52680846515
52680846520
52680411866
52680411861
52680411896
52680411911
52680908198
52680846630
52680846605
52679895702
52680846745
52679895687
52680846810
52679895862
52679895882
52680908558
52680908573
52680847020
52679898222
52680414491
52680910828
52680910748
52680849160
52680910783
52680849385
52680414616
52680911058
52680849235
52679898462
52679898577
52680415006
52680415241
52679898887
52680911513
52680414851
52680911563
52680697444
52680415341
52680415406
52679899042
52680911708
52680697609
52680911738
52680697664
52680697739
52680911943
52679899267
52680415711
52680905445
52679953807
52680967568
52680905500
52680470886
52680470706
52680752204
52680905660
52679954007
52680752219
52680905710
52680470946
52680752244
52680905775
52679954137
52680905795
52679954182
52680471056
52680905890
52679954282
52680967918
52680906005
52679954352
52680471181
52680471066
52680752319
52680967708
52679954052
52680906010
52680905530
52680471241
52680906095
52680752654
52679954422
52679954417
52680752554
52679954517
52680471376
52679954507
52680968098
52680968113
52680968143
52680906215
52680471501
52680471516
52680752854
52680906245
52680754704
52680969933
52679956602
52680969938
52680908100
52680908085
52680473331
52679956642
52679956627
52680970013
52680908230
52680970083
52680970073
52680754839
52680970093
52680754834
52680908295
52680970133
52680908375
52680754939
52680970213
52680473591
52680908340
52680754899
52680473641
52680473666
52680755194
52680473716
52680970433
52680908590
52680908605
52680755234
52680473381
52680473766
52680755254
52680473786
52680908640
52680970483
52680755294
52680908650
52679957192
52680908675
52679957237
52680473866
52679957242
52680475966
52679959152
52679959177
52679959317
52680972363
52680910860
52679959397
52680972538
52680757599
52680476246
52680911090
52680972728
52679959612
52680476431
52680476456
52680757839
52680476506
52680972958
52679959797
52679959857
52680476661
52680911425
52680476686
52680476491
52680973133
52680910760
52680911570
52679960072
52680973218
52680476936
52680757524
52680910920
52680910865
52680911870
52679959527
52680973438
52680758584
52680477036
52680973563
52679960447
52680477166
52680477186
52680973693
52679960532
52680758829
52680477446
52680974033
52680761649
52679963527
52679963327
52679963272
52680479746
52680761059
52680914545
52679962762
52680479476
52680760999
52680914340
52679963237
52680479871
52680479546
52680479556
52680975858
52679963157
52680976103
52680761109
52679962912
52680975928
52680761174
52679963032
52680976078
52680976108
52680914650
52679963187
52680479886
52680976693
52680761339
52680914990
52680914665
52680975943
52680479996
52679963367
52680480036
52680914855
52680914950
52679963427
52680915090
52680761354
52680976658
52680761709
52680761704
52679963112
52680915325
52680976668
52680480586
52680480756
52680918335
52680918330
52680764609
52680979783
52680764624
52679966887
52680483351
52680918360
52680918375
52680918425
52680764654
52680483311
52680918445
52679966747
52680764569
52680764784
52680918525
52680918610
52680918605
52680483431
52680764819
52680483496
52680980083
52680764959
52680764949
52680980148
52679966997
52680918780
52680765139
52680918870
52680980323
52680918915
52680765224
52680483386
52679967292
52680980523
52680980498
52679966892
52680765354
52680918455
52680764744
52680765259
52680980828
52680765559
52680485966
52680485961
52680982883
52680767569
52680767509
52680921300
52680486071
52680921335
52680767564
52680982803
52680982798
52680767619
52680921415
52680982893
52679969642
52680921515
52679969682
52680767739
52680921530
52680767774
52679969757
52680982988
52680767724
52680921395
52680983088
52680983113
52680486101
52679969842
52680983198
52679969857
52680983043
52680767609
52679969982
52680768064
52679969647
52680921950
52680921975
52680768139
52679970112
52680768109
52680768219
52679970137
52680486766
52680922170
52680983748
52680986058
52679972082
52680770234
52680770254
52680924110
52680924165
52679972172
52680985853
52679972192
52680924225
52680770329
52680985913
52680985908
52680488731
52680488756
52680488746
52680770424
52679972352
52680924080
52680986128
52680986078
52680770534
52680985753
52680924420
52679972277
52680488686
52680488951
52679972267
52680985903
52680488871
52680488616
52680488981
52680488826
52679972597
52680770839
52680986318
52680986363
52680489126
52679972727
52680924815
52680771029
52680771054
52680488626
52680986268
52680989418
52680927690
52680491946
52680927485
52680988948
52679975387
52680927370
52680988918
52680773779
52680988913
52680773689
52680491701
52679975362
52680773744
52680491691
52679975352
52679975342
52680927310
52680491671
52679975322
52680988843
52680988813
52680491711
52680988928
52680773824
52679975412
52680927360
52680927460
52680989238
52680988908
52680492026
52680774199
52680774229
52680492101
52680774279
52679975897
52680491806
52680492181
52680991828
52680929980
52679978012
52679978062
52680930000
52679978027
52679978202
52680776629
52680494471
52680930110
52680776619
52680776559
52680991933
52680776519
52680494461
52679978192
52680776659
52679978067
52680930025
52680930255
52680494676
52680776714
52680930020
52679978277
52680494401
52680494786
52680930345
52680930355
52680494711
52680494906
52680930005
52680776919
52680930495
52680992368
52680930595
52679978592
52680777009
52680992438
52680777089
52680992463
52680992473
52680495161
52680992503
52680495201
52679978777
52680777259
52680930845
52680933680
52680780299
52680995643
52680780389
52680995578
52680780354
52680995633
52679981747
52680498261
52679981897
52680933920
52680498391
52680933940
52679982012
52680498496
52679982037
52680995893
52680995918
52679982077
52680934125
52680780754
52680934150
52680498606
52679982107
52680934135
52680498601
52679982082
52680934180
52680498611
52679982127
52680498636
52679982132
52680995998
52680780774
52679982162
52680780799
52680498646
52679982152
52680934225
52680996018
52680780829
52680996023
52680498741
52680934330
52680996333
52679982482
52680998458
52680501351
52680501371
52679984752
52679984867
52680501546
52680501576
52680998663
52680783879
52680501686
52680998758
52680998778
52680501661
52680501721
52680937185
52680501751
52680998818
52680501756
52680998813
52680784029
52680937255
52680784004
52679985082
52679985147
52680501916
52680502031
52680783609
52680999108
52680937540
52680999113
52680937580
52679984797
52680784454
52680937405
52679985437
52680502161
52679985572
52679985567
52680999213
52679985342
52680999433
52680938060
52680502566
52680937960
52680937945
52679989017
52679989007
52680941150
52681002978
52680505901
52680505826
52679989202
52680941350
52679989127
52681002673
52681002628
52680941190
52680787709
52681002638
52679988997
52680505596
52680505661
52680787679
52681002888
52680787884
52679989212
52680787879
52680505841
52679989172
52680787974
52680941570
52679989427
52680505971
52680505996
52680506036
52680941765
52680941505
52680505766
52681002603
52679989177
52681003338
52680505786
52681003393
52681003353
52681003503
52681006058
52681005958
52679993022
52681006038
52681005963
52680944445
52680508681
52680944470
52681005993
52679992617
52680944560
52680791079
52680508671
52680508846
52679992742
52681006083
52681006068
52680791164
52679992687
52680508856
52680508821
52679992682
52680791124
52681006023
52680944520
52680944610
52680508721
52680944675
52680944695
52681006253
52681006278
52680944790
52680509061
52680508996
52679993017
52680944990
52680944975
52681006363
52680791569
52681006483
52680945045
52680945000
52680509346
52679993187
52680791789
52681006163
52681006888
52681009878
52681009848
52680948280
52679996422
52680794879
52680794874
52680948150
52680512776
52679996297
52681009693
52680512661
52679996237
52680948020
52680794679
52680947965
52681009623
52679996182
52680794634
52681009608
52680947990
52680512671
52679996217
52680512691
52681009668
52680948070
52679996267
52680794709
52679996277
52680794784
52680512731
52680948120
52680948155
52680948215
52679996347
52679996432
52681009863
52680948270
52679996342
52680948135
52679996482
52680948115
52680512921
52680794964
52680795009
52680512976
52681009948
52680795189
52680948415
52680952030
52681013608
52680951890
52680000172
52680516341
52679999867
52681013178
52679999852
52681013188
52680798254
52679999907
52680516366
52680798264
52680798274
52680516381
52680798299
52681013278
52680951580
52680516481
52680798409
52680951665
52680798349
52680516391
52680951720
52680000147
52680000132
52680798569
52680798589
52680798609
52680516651
52681013488
52680000237
52681013483
52680798654
52680798634
52680798644
52681013548
52681013558
52681013583
52680516781
52680951995
52680000352
52680516741
52680516426
52681013718
52681013703
52680798864
52680517046
52680520266
52680955120
52680520701
52680004132
52681017478
52680004032
52680003642
52680955415
52681017418
52680955105
52680802279
52681017348
52680802194
52680801959
52680801984
52680801944
52680003707
52681017208
52680802019
52680520271
52681017043
52681017168
52680955200
52680003792
52680003872
52680802074
52680955215
52681017173
52681017158
52680003852
52680955165
52680802024
52681017083
52680802264
52680955110
52680802169
52680520091
52680802224
52680802099
52680520291
52680520536
52680955460
52681017453
52680004192
52680004262
52680955695
52680802599
52680520821
52680003807
52680523966
52681020863
52680958945
52681020933
52680524036
52680523986
52680805579
52680959000
52680524296
52680959100
52680959040
52680007432
52680524181
52680007347
52680958825
52680007537
52680959200
52680524276
52680959205
52680524291
52680007672
52680524396
52680806029
52680806039
52680806059
52680806084
52680007857
52680007987
52680524671
52680008102
52680524786
52680524321
52680008197
52680806534
52680959870
52680526956
52680010302
52680961825
52681023883
52680808824
52681023993
52681024053
52681024378
52680962250
52680808689
52680010747
52680809214
52680527406
52680010772
52681024388
52680527426
52681024408
52681024423
52680962380
52680809129
52681024508
52680527146
52680010467
52680808704
52680962620
52680809489
52680527666
52680011117
52680962855
52680011087
52680962415
52680962305
52680962740
52680808979
52680961880
52681024893
52680809794
52680011272
52680011297
52680527201
52680808889
52680809919
52680011362
52680966060
52680813129
52680014482
52681028248
52680014507
52680014572
52680813354
52680531516
52681028548
52680014772
52680966180
52680966565
52680531681
52681028773
52680813809
52681028888
52680966545
52681028908
52680966485
52681028543
52680015367
52681029053
52680814184
52680966985
52680015527
52681029343
52680532376
52680015637
52681029403
52681029413
52680813739
52681031073
52680017087
52680816014
52680017137
52680017147
52680534116
52680968715
52680816109
52681030998
52680017187
52681031058
52680816294
52680968900
52681031163
52680968925
52680017427
52680816349
52680969090
52680017337
52680017587
52680816619
52680534546
52680534556
52680534541
52680534056
52681031453
52680534526
52680816749
52681031263
52680534671
52680017747
52680534746
52680969310
52681031593
52680534771
52680534851
52680017892
52680969420
52680816954
52680534866
52680969435
52680817009
52680534971
52680017882
52680972170
52680972065
52680972090
52680819529
52680972095
52680972150
52681034478
52680819499
52680537706
52680972140
52680537856
52680020852
52681034738
52681034768
52680538116
52680820024
52680820094
52680021097
52680972620
52680538181
52680021057
52680021237
52681035068
52680819609
52680021327
52680972990
52680973000
52680020777
52681035393
52680021532
52681035448
52681035508
52680538761
52681035518
52680021567
52680538816
52681035578
52680538721
52680542131
52680824249
52680976820
52681039368
52680025442
52680824244
52681039273
52680976875
52680542216
52680976895
52681039218
52680824439
52680542331
52681039393
52680824429
52680976925
52680824524
52680025487
52680824384
52680542231
52680824339
52680824589
52680025667
52680824289
52680976770
52680542526
52681039603
52681039583
52680977260
52680025912
52680824644
52680542756
52680542776
52680542781
52680542811
52680542701
52680026037
52681039848
52680977400
52680026122
52680824954
52680977055
52681039703
52681040023
52681043278
52680029422
52680546351
52680980715
52680980720
52680980750
52680029517
52681043413
52680029522
52680546491
52681043428
52680828439
52681043438
52681043498
52680980915
52681043473
52680980900
52680546596
52680828509
52680980950
52681043568
52680980975
52680828604
52680546486
52681045913
52680983390
52680830684
52680031927
52680548736
52680548721
52681045808
52680983285
52680031832
52680983245
52680830514
52680830499
52681045668
52680983125
52680548531
52680983085
52680830454
52680983020
52680983005
52680830369
52680830334
52680830389
52681045578
52680983065
52680983115
52681045708
52681045753
52680830579
52680548781
52680830594
52680031917
52680830639
52680031937
52680031942
52681045848
52680548831
52680830789
52680830809
52680548866
52680983540
52680548936
52680548946
52680983700
52680983735
52681046313
52681049383
52680986320
52680035057
52680986350
52681049148
52680833769
52681049213
52680035172
52680986520
52680551991
52680551971
52681049248
52680035332
52680834039
52680834064
52680833979
52680986925
52680552301
52680834309
52680834294
52680986985
52680987050
52680552516
52680552551
52680552541
52680035132
52680834519
52680035872
52681049948
52681049968
52680834699
52681050028
52680834749
52680987410
52680834869
52680552861
52680834974
52680035922
52680987660
52680553146
52680835264
52680987720
52680987900
52681054738
52680839249
52680557066
52680991910
52680557141
52680991885
52680040497
52680557176
52680839299
52680839369
52681054788
52681054803
52680040612
52680557226
52680040667
52680557286
52680040657
52680839494
52680839359
52680839549
52680992050
52680839539
52680992065
52680557326
52680839574
52680839564
52680040737
52681054988
52680040747
52680557421
52681055018
52680992125
52680992145
52680557461
52680992190
52680557471
52681055148
52680557526
52680992275
52680992260
52680992270
52680992310
52681055273
52680992415
52681055313
52681058858
52680044527
52680044542
52680044567
52681058918
52680044607
52680561546
52680996185
52680044652
52680044642
52680044662
52680561651
52680996235
52680843834
52680044712
52681059023
52680044707
52680044732
52680044757
52680561731
52680561781
52680843994
52680044802
52680044807
52680044867
52681059238
52680044997
52680044992
52680045032
52680843779
52680562076
52680562091
52680996600
52680999430
52680847044
52680999325
52680047847
52680999330
52680047887
52680564626
52681062348
52680564671
52680047917
52680047907
52680847134
52680047962
52681062418
52680564751
52680999490
52680999495
52680999555
52680048067
52680564841
52681062493
52681062518
52680048182
52680048212
52680048247
52681062713
52680565121
52680048347
52680565171
52680847459
52680565151
52681062808
52680048412
52680847509
52680048507
52680048527
52680568026
52680850559
52680850524
52681002740
52681002700
52681002675
52680567871
52681002635
52681066003
52680850539
52681066043
52680567986
52680051182
52681066143
52680051167
52680051292
52680051262
52680568111
52681002880
52681066293
52681066313
52681066403
52681066343
52680051497
52680850784
52680568261
52681003065
52680568271
52680568291
52680568321
52680568366
52680051052
52681003200
52681003225
52681003300
52681003315
52681066688
52681003385
52680851164
52681003455
52680051792
52680568621
52680051887
52681066878
52680051932
52680055617
52680055622
52680572401
52680854939
52681070558
52680854964
52680854969
52680055662
52680854994
52680572461
52681007260
52681007255
52681007285
52680055697
52681007340
52680055737
52681007355
52680572561
52680855149
52680572646
52680572566
52680055882
52680055847
52680055867
52680055902
52681070823
52680572741
52681007515
52681070898
52681070923
52680855409
52680855419
52681070978
52680056082
52680056097
52680056392
52681071213
52680573121
52681071208
52680573196
52680855814
52680061007
52680060937
52680577631
52681075818
52680061107
52680577786
52680577766
52680061062
52680860254
52680061037
52681075733
52680860194
52680860184
52681075698
52680060917
52680860139
52681012320
52680860299
52681012295
52680577726
52681012265
52680061222
52680860169
52680060832
52680860044
52680860074
52680577596
52681012310
52681075688
52680577691
52680060992
52680060997
52681075753
52681075773
52680577821
52680061192
52680061197
52680061212
52681075858
52680860404
52680860424
52681012630
52681075948
52681075963
52680860414
52680860364
52680860484
52680577966
52680061327
52680864419
52681016470
52681079758
52680065197
52680864614
52680065277
52680864704
52680864724
52680581906
52680581986
52681016805
52681080078
52680582061
52681016855
52680582086
52680582111
52680065462
52681016890
52681080013
52681080178
52680582136
52680065532
52681080303
52681017045
52680065592
52681080328
52680065617
52680865214
52680065842
52680065502
52681016440
52680065867
52680865024
52680582426
52680865354
52681080398
52680864969
52680066017
52680066012
52680582561
52681017450
52680065992
52680582406
52680869654
52681084773
52680070312
52681021560
52681021500
52680586636
52680586676
52680869464
52681084603
52680869514
52681021465
52681021515
52680070302
52681084623
52680586811
52680586731
52680070242
52681021600
52681021610
52680869644
52681084758
52680869724
52680869704
52681021585
52681084938
52680869779
52681084923
52680070517
52681021715
52680070522
52680869804
52681084988
52680587166
52680869844
52681085133
52680587291
52681025155
52681025185
52681088748
52680873284
52680073827
52681025205
52680590621
52680590641
52680873394
52680873419
52680590696
52680873429
52680873509
52680074047
52681088938
52681025385
52680590866
52680873589
52681025440
52681025480
52680590881
52680873654
52681025545
52680590946
52681089138
52680074292
52681025615
52681025640
52680591066
52681089223
52681089278
52680873929
52680591156
52680591146
52681089323
52680877059
52680876774
52681091993
52680594161
52680077497
52681028960
52681092278
52681028910
52680594341
52680594321
52681092153
52680876844
52680077752
52680077762
52680077532
52680077862
52681028990
52680594441
52681092298
52681092233
52680594151
52680594676
52681092608
52680594831
52681092583
52681092408
52681092348
52680594306
52680077562
52680594856
52681092558
52680594606
52680594866
52680078157
52680594861
52680078087
52680078077
52680594561
52681092843
52680877479
52680877474
52681092868
52680595001
52681092798
52681092983
52681093058
52680599386
52680599281
52681097058
52681033390
52680599271
52680082387
52680599391
52681033565
52680882214
52680082652
52681097313
52680082687
52680882174
52680082757
52681033795
52680082767
52681097388
52681097378
52680882244
52680082827
52681033825
52681033840
52681033885
52680599706
52680082917
52680082937
52680599796
52680082972
52680882439
52681097623
52681097633
52681097618
52680882469
52680599711
52680882434
52680083092
52680599896
52680882564
52680087017
52680886439
52680886444
52680886464
52681101458
52680603701
52680087047
52680603721
52680087067
52681038145
52680087092
52680087127
52680886569
52680603781
52680886574
52680087077
52680087187
52680886614
52681101703
52680087252
52681101748
52681038285
52680886834
52680886839
52681101848
52680886544
52680604131
52681101978
52680087517
52680087527
52680886989
52680890639
52680607721
52680607831
52680607836
52681042085
52681042030
52681042145
52681105808
52680608011
52680090897
52680890654
52681105828
52681042180
52681105863
52680608036
52681105853
52680090922
52681042205
52680608041
52681105903
52680608056
52680890699
52680890719
52681042220
52680090932
52681105893
52681105923
52680090952
52680090987
52680890774
52680091002
52680607766
52681041820
52680091087
52681106063
52680890874
52681042455
52680091167
52680890889
52680094712
52680894509
52680094702
52681109803
52680894474
52680612041
52681045835
52681109738
52680094637
52681109728
52681045800
52680894424
52681045795
52681109733
52680611996
52680894484
52681109753
52681109968
52681109918
52681045980
52680894534
52680094922
52680094932
52681110113
52680612401
52681046195
52680612766
52680894974
52681046190
52681110328
52681046375
52680612451
52681046100
52680894769
52681110063
52680094872
52680095502
52680895399
52680612871
52680612361
52681108778
52680099837
52680617206
52681051105
52680099602
52681114573
52681050925
52680099547
52680899329
52681114408
52680899229
52680099317
52680899154
52680099267
52680899224
52680616766
52681114413
52681050815
52680616911
52680099467
52680616806
52681114588
52681050960
52680099652
52680099682
52680899549
52680617131
52681050890
52681114998
52681051125
52680617126
52681114528
52680617311
52680099872
52681114363
52681051285
52681115193
52681115163
52680099787
52680903589
52680621436
52680903629
52680903654
52681119043
52681055255
52680103752
52681119098
52680103872
52680103927
52680621581
52680621576
52680103962
52680103977
52681055445
52681119348
52681119318
52680621766
52681055510
52680104097
52680621801
52680104132
52680104147
52680903979
52680104182
52681119508
52680903904
52681055640
52680621896
52680621891
52680104317
52681119598
52681119573
52680621986
52681055785
52680622041
52680904334
52680904314
52681055840
52681119773
52680904384
52681119903
52680104647
52680104707
52680913849
52681129493
52680631681
52680113972
52681065540
52681065560
52681065600
52680114077
52681065650
52680913899
52680114102
52680114107
52681129663
52681065685
52680631851
52680113952
52681129523
52681129788
52681065750
52681065775
52681065780
52680631901
52681129883
52681129768
52680631666
52681129903
52680914304
52680114277
52681129943
52680914389
52680114317
52681130028
52680114402
52680914469
52681130088
52680114452
52681130148
52680914619
52680632161
52680914639
52681066065
52680914739
52680913939
52680118847
52680919014
52680118872
52681070065
52681134768
52681070150
52680118947
52681135028
52680637106
52681070440
52681070485
52680119402
52680637196
52681135243
52681070585
52681070640
52681070690
52680919764
52681135418
52680637206
52680919799
52681070795
52681135493
52680919824
52680119777
52681135588
52681070950
52681071010
52681135728
52681135753
52681071095
52681135698
52681071220
52681135863
52680637941
52680638026
52680638031
52680920399
52681136048
52681071265
52681135838
52680120437
52681071565
52681071560
52680920444
52680920534
52681136593
52680126192
52680643766
52680126257
52681142008
52681142048
52681142043
52680926139
52681076990
52680926159
52680926204
52681077060
52680126357
52681077145
52680126407
52681077135
52680126427
52680126487
52681142233
52680926399
52680926424
52680926454
52680926459
52681142333
52681142298
52680126612
52680926544
52680644081
52681142403
52681077375
52681077330
52680644196
52680926679
52680926169
52680644201
52680126822
52680926659
52681142583
52680126902
52680926809
52680127047
52680644546
52681077755
52681142943
52681077400
52680132092
52681147658
52681147553
52681147533
52680931889
52680931974
52680932034
52681082550
52681147618
52680649631
52681147633
52681147563
52680649691
52680132072
52681082690
52680132067
52680932164
52681147718
52681082795
52680932269
52681147873
52680932294
52680649881
52680932379
52680132247
52680132257
52680932404
52681148018
52680650081
52681083035
52680132287
52680932174
52680932559
52680132487
52681147758
52680132542
52680650231
52681082505
52680931924
52680650326
52680132642
52680932714
52680932374
52680650301
52680932104
52680654846
52680136982
52681152708
52681088095
52681088120
52680654916
52681152798
52681152848
52681088180
52681152853
52680937714
52680937659
52680655046
52680137187
52680655066
52680654836
52680137252
52681153038
52681088230
52680137377
52680655296
52680137367
52681088125
52681088615
52680654891
52680655401
52680654876
52680654861
52681152703
52680137512
52680655506
52680137547
52680938109
52681153403
52680655571
52680655601
52680137712
52681088860
52681153588
52680137887
52680138007
52680655831
52681153758
52680137132
52680138157
52681094135
52681094045
52681158698
52680660791
52681093810
52681158488
52680660541
52680942949
52681093455
52680942779
52680660261
52681093595
52681158333
52680942799
52680942699
52681093410
52680142532
52681093315
52680660191
52680660406
52680660426
52681158338
52680660516
52681093485
52681093615
52681093680
52680943044
52680660571
52680142717
52681093690
52680660606
52681093795
52680943224
52681093965
52681094020
52680660971
52681094100
52681158933
52680943509
52680143272
52681094315
52681158843
52680943809
52680661141
52680948854
52680148652
52680948954
52680666056
52680148677
52681164518
52680948969
52681164633
52681164658
52680148837
52680949049
52681164703
52680148907
52681099900
52680666261
52681099795
52680148947
52681164773
52680149062
52680949184
52680949189
52681164883
52680149097
52680666426
52681100185
52680149167
52681100150
52680148997
52680666191
52680666101
52681165043
52680949349
52680149132
52680149252
52681165103
52681165113
52681165108
52680949434
52681165208
52680949544
52681165198
52681165193
52680949444
52680149032
52680148977
52680949584
52681170358
52681105410
52680671646
52680153957
52680954454
52680153987
52680954469
52680954514
52681105320
52680671721
52681170223
52680154062
52681170228
52680671766
52680954584
52680954604
52681105475
52680671871
52680671851
52680954669
52680671876
52681105550
52680671911
52680671926
52681170313
52681170353
52681105600
52680154217
52680671961
52680671976
52681105630
52681170388
52680672081
52681105685
52681105680
52681105690
52681170483
52681174503
52681109355
52680958749
52681174523
52680158257
52680958759
52680675971
52681174558
52681174563
52680158282
52680958809
52681174553
52681109410
52681109425
52681109435
52681174598
52680958884
52680958894
52681174608
52680676076
52680676066
52681109460
52680158397
52680676096
52680158392
52680676121
52680676146
52681109555
52680158482
52680158447
52681174743
52680158557
52681174758
52680158572
52681174668
52681109635
52680676256
52681109690
52680676041
52681174858
52680158697
52680676341
52680676346
52681174928
52680676366
52680958989
52681174978
52680676426
52681174973
52680965044
52681115245
52680965339
52680682021
52680965294
52681180513
52680964894
52680164627
52681115430
52681180393
52680682026
52681180298
52680682091
52681180493
52681115510
52680682141
52681115515
52681180523
52680682166
52680965169
52681180553
52680965194
52680164617
52681115530
52681180603
52680682231
52680965219
52680164732
52680682266
52680164737
52680164787
52680965279
52680682281
52680164827
52680965254
52680965314
52680965329
52681115685
52680965264
52680164912
52680965469
52680682236
52680165062
52680965539
52681180638
52680682471
52681120915
52680170522
52681186033
52681186068
52681186028
52680970854
52681120925
52680170562
52680970894
52681186088
52681186118
52681120990
52681186178
52680687996
52680971004
52681186193
52680688001
52680170697
52680970994
52680971139
52680170782
52680688151
52680971134
52681121120
52680971149
52680688156
52681121135
52680170802
52681121045
52680170907
52681186313
52681186518
52680971379
52680170787
52681186543
52681186553
52680171047
52680171052
52680688406
52681186598
52680688401
52680171067
52681121480
52681121680
52681186833
52681126405
52680693426
52680976399
52680176047
52681126710
52681192013
52681126575
52680976574
52680693496
52681126625
52680976639
52681126690
52681192043
52681192118
52680176282
52680176252
52680976819
52681126825
52681126865
52680176402
52681192138
52680693806
52680976774
52681192038
52680693846
52680176062
52681191823
52680976479
52680693991
52681127090
52681127135
52681192503
52681192573
52680977209
52680977249
52681127280
52681192718
52681121470
52681192838
52680694381
52680172097
52681192978
52680694446
52680186452
52680986999
52681202428
52681202388
52680703871
52680186462
52680703886
52680186507
52680186562
52680186557
52680987129
52680704011
52680186622
52681137085
52680704036
52681137105
52680987429
52681137140
52681202618
52680987399
52681202653
52680704096
52681137185
52680186907
52681137205
52680704156
52680987154
52681202758
52680186827
52680186747
52681137170
52680186407
52680186882
52680186867
52680987364
52681137300
52681202503
52681137230
52680186892
52681202813
52680703956
52680987419
52681137405
52680187022
52681137445
52680987559
52680992369
52680709306
52680191872
52680992379
52680191977
52681208113
52681142465
52681208133
52680709406
52680992459
52681142475
52680709511
52681142540
52681208258
52681208173
52681208298
52681208303
52680192192
52681208368
52680709621
52681142665
52681142715
52680992709
52680192332
52680709726
52680992684
52680709801
52680992759
52681142845
52680709831
52681142890
52680709871
52680992924
52681208643
52681142955
52681143000
52680710061
52680992819
52680192697
52680993124
52680710086
52680993149
52680710001
52680192837
52681142745
52680192912
52680998234
52681147965
52680715336
52680198067
52680998404
52681148075
52680998389
52680998359
52681214073
52681214093
52681214088
52680998459
52680198147
52680198282
52680715436
52680715576
52681214248
52680998564
52680198252
52681148120
52680715636
52681148330
52680998689
52680715716
52680715771
52681148450
52681214458
52681214558
52681148425
52680715866
52680715821
52680198587
52680198622
52680715931
52680715921
52681214143
52680999029
52680998399
52681148780
52680198827
52681148790
52681214963
52681215103
52681149045
52681215233
52681004604
52681220333
52681154295
52681004614
52681154290
52681154320
52680721781
52680204557
52680721821
52680721836
52680721826
52681004654
52681004664
52681154405
52681004674
52681004669
52681004719
52681220428
52681154455
52680204632
52681154460
52681220403
52681220423
52680721881
52681004749
52681220448
52681154490
52680204702
52681220468
52680204732
52681154535
52681154530
52680204772
52681220513
52680204892
52680204947
52680204912
52681220733
52680722156
52681005024
52681220788
52681005054
52681004999
52680722316
52681011144
52680210967
52680210792
52681010749
52680728161
52680728166
52681226518
52681226593
52681226708
52681010889
52680728271
52680728246
52681010934
52680728211
52681226743
52680210892
52681226488
52680211077
52681226768
52681160385
52681160600
52680211112
52680728241
52680728421
52680728391
52681010999
52681160510
52680211167
52680211152
52681226898
52680210937
52681010769
52681226923
52680210997
52681160790
52680728536
52680211247
52680211277
52681160815
52681226983
52680728631
52680211377
52680728741
52681232083
52681165645
52681165425
52680733136
52681165445
52680215947
52681165435
52681231253
52681231248
52681015619
52681165450
52681015649
52681165495
52681231353
52680733241
52681165535
52680216217
52681015844
52680733521
52681015964
52681016004
52681231638
52681231623
52680216447
52680733601
52680733631
52681016049
52680216337
52681165605
52680216012
52681231888
52680216607
52681016134
52681016239
52681166245
52681016334
52681166300
52681232143
52681166395
52680734211
52681165945
52681166710
52681232543
52681237733
52680739396
52681237803
52680222337
52681172125
52680222057
52680739571
52681237873
52680222072
52680222242
52681172065
52680739446
52681172035
52681172020
52681022054
52680222142
52681237918
52680222097
52681171970
52680222187
52681171930
52680739536
52680222002
52680739566
52680221947
52681237753
52681022229
52680739661
52681238058
52681172200
52680739531
52680739436
52681172255
52681238153
52680222502
52680739801
52681238288
52681238278
52681238338
52681021929
52680739886
52681172405
52680739766
52681172145
52681238408
52680222007
52681244713
52681028574
52680229062
52681244653
52681028459
52681028479
52680229082
52681028564
52680229152
52680229167
52681178810
52681178835
52680746091
52680229137
52680229077
52681028514
52680746131
52681028649
52680229207
52681028654
52681244873
52681178945
52681244893
52681244773
52681244908
52680229307
52680746211
52680229347
52680746231
52681179110
52681028869
52681179135
52680229462
52680229477
52681245128
52681179185
52680229512
52681179230
52681028949
52681179245
52681029024
52680746486
52681179340
52681179365
52681029104
52681245338
52681035164
52681185070
52681251008
52681035274
52680752551
52681185200
52681251098
52681251143
52681185245
52681035374
52681035359
52681035364
52680235417
52681250948
52681035419
52680752681
52681251258
52680235567
52680235477
52680235602
52680235577
52680235612
52681035544
52681185375
52680235647
52680235642
52681251308
52680235232
52680235677
52681035649
52681185505
52680235772
52680235807
52680235837
52680235897
52681035509
52680235917
52680752966
52680236042
52680758146
52680758101
52680758086
52680241132
52680241192
52680758181
52681191155
52680758166
52681191145
52681041254
52681191230
52681256993
52681041309
52681191360
52681041444
52681041469
52681191440
52681041534
52680758411
52681257123
52680241647
52681191750
52681257333
52680241597
52680241667
52681191390
52681257353
52681191240
52680758091
52681191435
52680758841
52680758836
52681191900
52680758866
52680241537
52680758896
52681041964
52681191975
52680242007
52680758951
52681257638
52681192000
52680241857
52681042149
52681198445
52680248197
52681263793
52681048274
52680765226
52681048174
52681048199
52681263738
52681048019
52681048044
52681198125
52681263473
52680247812
52680764846
52681263373
52681263338
52681197955
52681047774
52681263358
52681198005
52681197990
52681263458
52681198040
52681198035
52681047904
52680764876
52681263598
52681048009
52681263638
52681263673
52680247917
52681263583
52681047889
52680765156
52681198335
52681048304
52681198485
52681198460
52681198150
52681048399
52681198140
52681048369
52681048374
52681047959
52681048354
52680765431
52680248437
52681054969
52680771751
52681205365
52681270463
52681205415
52681270503
52680771851
52681270528
52681270583
52680771866
52681205470
52680771891
52680255077
52680255102
52681055179
52681055204
52681270628
52681205580
52680255222
52681205600
52680772091
52681205675
52681270813
52680772096
52680255322
52681270848
52680772161
52681055139
52680772231
52681055569
52681270973
52680255417
52681270903
52680772266
52680255392
52680772301
52680255557
52680772306
52681205890
52681271083
52681055784
52681271178
52681206035
52680255882
52680354822
52680354797
52681305125
52681305090
52680354722
52680870311
52681154774
52681305080
52681305095
52681154869
52681370228
52681305175
52681154909
52681305195
52680870411
52681305235
52680870506
52681305285
52680354897
52680354887
52681154959
52681155069
52681370468
52681305320
52681370558
52681155114
52680354982
52681305360
52680870641
52681155214
52681370618
52681370188
52680355117
52681305435
52681370623
52681370633
52680870696
52680870706
52681305475
52681305465
52681155134
52680870766
52681370778
52680870916
52681371083
52681161059
52680877046
52681311925
52681161019
52681376968
52680361342
52681376878
52680361362
52681161094
52680877101
52680361367
52681161034
52680877141
52680361417
52680361392
52680877156
52681161209
52681311700
52681311690
52681376918
52681376948
52680361572
52681376993
52680361437
52680361627
52680877336
52681377083
52680877321
52680361642
52681311825
52680361667
52680361682
52681161434
52680877421
52681161464
52681161489
52681377113
52680361777
52680361412
52681161324
52680877161
52680877526
52680361827
52680361822
52681161069
52680877601
52680361842
52681377138
52680367167
52681317560
52681382708
52680367327
52681167139
52680367432
52681317765
52680367497
52681382903
52681167319
52681383108
52681317825
52681318120
52681383293
52681167239
52681382888
52680367387
52681167154
52681167089
52680882851
52681317620
52681167604
52681167599
52681317610
52681317570
52681382643
52680883436
52680882761
52681382568
52681166949
52681383288
52681166909
52681167654
52680367952
52681383548
52681383593
52680368057
52680367977
52680883076
52681388348
52681322865
52681172964
52680887996
52680372917
52681172744
52681388703
52680372652
52681323010
52680372412
52681172579
52680372662
52680372727
52680372697
52681323115
52681172624
52680888226
52680372632
52680888236
52680372752
52681172694
52681323050
52681323240
52681388803
52680888371
52681172659
52680888476
52681172949
52680888571
52681173009
52681323295
52681323505
52680372747
52681172529
52680888771
52680372517
52681388393
52681173164
52681173184
52680888881
52680893901
52681394408
52681394443
52680894041
52681394558
52681178279
52681328565
52680894191
52681328615
52680378457
52680378497
52680378512
52680378572
52680378597
52681178634
52680378812
52681178719
52681178809
52681178789
52680894621
52681178829
52681178849
52681329175
52681178904
52680894901
52680894881
52681394923
52681179104
52680379157
52680379147
52681395443
52681184289
52681184214
52681184144
52681184024
52681334635
52681183749
52681335125
52681400573
52680900566
52681334820
52680900116
52681334405
52681334500
52681400233
52681334480
52681183774
52680384092
52681183739
52681183849
52681183699
52681400558
52680900326
52680900386
52681184019
52681400708
52681184129
52681400523
52681400488
52680900261
52680384557
52681334960
52681184059
52681335030
52681184419
52681401058
52680900801
52680384817
52681184629
52681184704
52680385007
52681407523
52681407468
52681341605
52681341650
52680391132
52681407398
52680391147
52680391167
52680391152
52680391122
52681341680
52680391077
52681341690
52681407463
52680391257
52680907441
52680907436
52681341865
52680391372
52680907576
52680391382
52681407748
52681190914
52681407758
52680907626
52681190949
52680907656
52681190984
52681407798
52680391462
52680391482
52681191034
52681191074
52681342170
52681342165
52681191089
52681342220
52680907786
52680907826
52680907871
52680913656
52681413613
52681196999
52680913421
52681413618
52680397047
52681347620
52680397042
52681196664
52681347690
52680913166
52681413443
52680397402
52681413943
52681413958
52681413998
52681414033
52680913311
52681197234
52681348215
52681197764
52681348490
52681414153
52681413948
52681348370
52680913376
52681347610
52680913896
52680397797
52681414478
52681348550
52681348570
52681197444
52680397732
52681197704
52681348335
52680397282
52681196764
52681414653
52680398042
52681197794
52681197814
52680914216
52680405697
52681422283
52681422318
52681422383
52681422408
52681422543
52681205804
52681422623
52681205639
52681357205
52680405652
52681356820
52681357005
52681206204
52681422998
52681206269
52681357340
52681426098
52680925826
52680925756
52680409242
52681425903
52681209179
52681425778
52681425708
52681425648
52680925221
52680925181
52681425478
52681359665
52680408687
52680408612
52680925191
52681359915
52681425843
52680925531
52680408682
52681360295
52680409612
52680409512
52680925686
52680409542
52681209504
52681360425
52681426288
52680925941
52680925901
52681426083
52681426028
52680925656
52680925546
52680926121
52680925451
52681209054
52681426418
52680409682
52681360610
52681209124
52681426518
52680926301
52681209839
52680409842
52680416272
52680416322
52681367350
52681367435
52680933246
52681216704
52680933321
52681434078
52680933411
52681433608
52681367835
52681216814
52681434193
52681367890
52681367980
52681434298
52681368080
52680416887
52680416872
52681216214
52681368115
52681434418
52680933541
52680416727
52680933781
52680933776
52680417042
52681434398
52680416297
52681216784
52681434633
52681217339
52681368295
52680417212
52681434628
52681367655
52681216319
52680933901
52680933916
52681434638
52681434658
52680417242
52681434713
52681217474
52680417337
52681217569
52681375715
52680424317
52680941331
52681441708
52680424402
52681375870
52681375940
52681224884
52681441868
52681375865
52680424512
52681441898
52681441913
52681376085
52681225029
52680424542
52681442033
52681225224
52681442158
52680941716
52681376220
52681225159
52681225269
52680941806
52681225284
52681442213
52681376385
52681376440
52681225384
52680424972
52680941996
52681225574
52680424987
52681225634
52680942181
52680942211
52681225794
52681225814
52680425242
52680425152
52681383175
52681383135
52681449048
52681449023
52681448968
52680948881
52681448903
52681231989
52681448963
52681382900
52680431617
52680948761
52681382970
52681449138
52681449078
52680948966
52681232129
52681383050
52681448993
52681232169
52681383025
52681448908
52680948991
52681382965
52681382935
52681382895
52681232239
52681449158
52681232324
52681449278
52680949151
52681232359
52681449383
52681232404
52680949196
52680432047
52680949236
52681449253
52680949051
52681449488
52681232264
52681383105
52680432197
52681231964
52681455873
52681239294
52681455868
52681455963
52681455848
52680439292
52681390195
52681239289
52680956346
52681455858
52680439442
52680956386
52680439532
52680956436
52681239624
52681390565
52681390570
52681239674
52680439617
52681456128
52681239699
52681456278
52681390635
52681239739
52680956566
52681239764
52681456363
52681239774
52681390715
52680439737
52681239704
52680439772
52681387465
52681239869
52681237024
52681456493
52681455993
52681456508
52680439847
52680953796
52681147014
52681389540
52681247229
52680447067
52680963836
52681463663
52681463633
52681247054
52680963746
52680963726
52681463573
52680446977
52681247059
52680963781
52680963776
52681463693
52680447037
52681247154
52681463723
52680963911
52680963891
52680963876
52681398020
52680963946
52681398040
52681247274
52680963926
52681398095
52681247399
52681247429
52681247509
52681247529
52681463958
52680447317
52681464003
52681464018
52681463998
52680447357
52681398245
52681464013
52680963841
52680447422
52680447437
52680447462
52680454337
52681470918
52681405190
52681470858
52681405265
52680454422
52681470828
52681254529
52681405400
52681405435
52681254624
52680454462
52681405475
52681471053
52680454667
52680454677
52680454682
52680971631
52681471283
52681471108
52680971666
52680971741
52680971691
52681254884
52681471418
52681405710
52681471298
52680971821
52680454862
52681254984
52680971846
52681255029
52680971876
52681255064
52680454897
52681411900
52681412310
52680977706
52681261454
52681477803
52681261389
52681261264
52681412020
52681477633
52680460622
52681261149
52680460662
52681412140
52681261344
52681261414
52681477788
52680460762
52680460772
52680977936
52680460787
52681477858
52681412300
52681261484
52681477873
52681477943
52680460922
52680460992
52681261574
52680460997
52681261609
52681261684
52680978226
52681478198
52681412535
52681261744
52681478213
52680461157
52681478243
52680978291
52681478273
52681261784
52681478268
52681478293
52681261194
52681411905
52681412455
52680978336
52680469462
52681420395
52681269404
52680986076
52680986091
52680986106
52681269369
52680986101
52680468917
52680468907
52681269419
52681269439
52681420215
52680469087
52680986276
52681486228
52681486203
52681269609
52680986391
52681420380
52680469217
52681486328
52680468962
52680986466
52680469257
52681420435
52681420440
52681269684
52680469287
52680469307
52681420495
52681269759
52681420540
52681269789
52681486518
52681269754
52681269599
52681269894
52681486643
52680986086
52680469587
52680986901
52681420705
52680986786
52680992871
52680992881
52680476002
52681492788
52681426820
52681426865
52680993016
52681275814
52681275959
52681493023
52681493083
52680476237
52681276094
52681493113
52681426960
52681427050
52680993096
52680476272
52680993071
52681492983
52681427170
52681427220
52681427270
52680476427
52681276254
52681427325
52680993276
52680993501
52681493493
52680993151
52680998336
52680998321
52681498313
52681498288
52680998261
52681498273
52681498308
52681432345
52681498223
52680998501
52680481277
52681432615
52681281439
52681281424
52681498613
52680481457
52681432720
52681281589
52681498723
52680481557
52681432925
52681432960
52680998871
52680481682
52680481532
52680998816
52681281569
52681498653
52681281504
52681281714
52681281704
52681281449
52681281394
52680998451
52680481322
52681281919
52681281939
52681433265
52681432550
52681004466
52681439015
52680487532
52681504613
52681504623
52680487587
52681004521
52680487637
52681504703
52681287629
52680487712
52681004601
52681504688
52681439190
52681287729
52680487877
52680487817
52681439280
52681439235
52680487957
52680487982
52681439370
52680488077
52680488087
52681505088
52681287579
52680488127
52681288014
52681439470
52680488142
52681505133
52680488192
52681439495
52681505173
52681505158
52681005036
52680488267
52681004491
52680488292
52681288184
52681439615
52681505293
52681505323
52681011631
52681511403
52681294424
52681011506
52681445880
52680494412
52681294459
52681294494
52680494437
52681294534
52680494502
52681511493
52681511513
52681446020
52681511573
52681511563
52680494677
52681294624
52680494692
52681011716
52681511673
52681011761
52681294699
52681511678
52681511688
52681445900
52681294754
52681011866
52681294769
52681446170
52680494837
52680494852
52681511833
52680494907
52681011916
52681511863
52680494912
52681294789
52680494947
52681511908
52681012036
52680494992
52681011666
52681511568
52681295004
52681143161
52681641163
52680623412
52681574735
52681574750
52681425639
52681425664
52681425649
52681425659
52681574825
52681641233
52680623497
52681641228
52681641238
52681425699
52681641303
52680623577
52681143261
52681641313
52681143276
52681425784
52681143301
52681574910
52681574930
52681143306
52680623632
52681574925
52681641363
52681641133
52681574940
52681143331
52681641428
52681574955
52681574995
52681641203
52680623697
52681575030
52681641463
52681641473
52681574900
52681641483
52681575070
52680623762
52681641498
52681143461
52681574755
52681580035
52681148646
52681579900
52681579830
52681430899
52681148381
52680628482
52680628497
52681148416
52681646438
52681430959
52681646463
52680628562
52681148441
52681430989
52681579715
52681431019
52681431124
52680628752
52681579980
52680628757
52681646688
52681646723
52681579985
52681579825
52680628592
52681579770
52681646433
52681431439
52680628477
52681646993
52681148976
52681431499
52681580300
52681647073
52680629297
52680629002
52681580445
52681647223
52681149206
52681148451
52680628847
52681580045
52681154726
52680635092
52681652723
52680635127
52681586375
52681652858
52680635217
52681652903
52681652943
52681154936
52681586300
52681154721
52681652678
52681154971
52681154976
52681154956
52681154996
52681652998
52681437884
52681437874
52681437804
52681652663
52681155016
52681653008
52680635307
52681437909
52680635332
52681586595
52680635347
52681437614
52681586330
52681155076
52681155071
52680635367
52681586695
52681653073
52681155111
52681586775
52680635447
52681586815
52681155221
52680635497
52681653173
52680635582
52681658203
52680640827
52681658218
52681658243
52681443099
52681591665
52681160241
52681443114
52681443144
52681591800
52681443174
52681443204
52681591830
52681591855
52680641097
52681443274
52681160226
52681591720
52681658238
52681160271
52680640942
52681658443
52681443149
52681160266
52680640897
52681443124
52680640872
52681658268
52681160236
52681160166
52681591990
52681592005
52680640842
52680641287
52680640812
52681443409
52681592240
52681658728
52681160521
52680641072
52680645717
52681165431
52681448309
52681165451
52681596785
52681596805
52681663003
52681165466
52681663008
52681596820
52681448299
52681596850
52681448374
52681596865
52681663033
52681165521
52680645807
52681165531
52681596875
52681596880
52681448394
52681596900
52681165586
52681596930
52681596920
52681165571
52681596950
52681663058
52681596940
52681165596
52681663093
52681663088
52681663103
52681597015
52680645927
52681448519
52681663208
52681663198
52681448544
52681165706
52681597045
52681165736
52680645997
52681165771
52681448609
52681173511
52680654042
52681670788
52680654077
52681456454
52680654092
52681670838
52681173596
52680654132
52681670863
52681173651
52681456554
52681173696
52681670938
52681670928
52681605330
52681173761
52680654272
52681605365
52680654277
52681173796
52680654312
52681456674
52681605450
52681456669
52681671148
52681173961
52681456774
52681456779
52681605540
52681173981
52681173951
52681173966
52681671193
52681605580
52681173991
52681605600
52681605640
52681605635
52681671258
52681174066
52681671298
52681457019
52681174226
52681605810
52681174251
52681457054
52680654752
52680661557
52680661522
52681181411
52681678463
52680661482
52681612930
52680661527
52680661547
52681464144
52680661637
52681678573
52681612980
52681464229
52681464239
52680661517
52681181406
52680661742
52681181381
52680661492
52680661777
52681678798
52681678808
52681678823
52681181666
52681181696
52681613310
52681678868
52681678893
52681678878
52680661832
52680661837
52681181636
52681678783
52681613400
52681678603
52681613430
52680661932
52680662002
52680662012
52681613560
52681464609
52681182036
52680662167
52681679183
52681464754
52680662217
52681684898
52680668017
52680667962
52680667912
52681619360
52681187761
52681684533
52681684553
52681470229
52680667817
52681619390
52680667852
52681619435
52681187836
52680667902
52681619450
52680667927
52681470299
52681470324
52681684673
52681619535
52681619595
52681187866
52681470399
52681187996
52681188101
52681685068
52681685083
52681188271
52681470779
52681685293
52681470864
52681619940
52681685458
52681470624
52681471039
52681620415
52681620435
52680668707
52681471169
52681685403
52681188621
52681685733
52681620395
52681620015
52681691498
52681626155
52681626160
52680674852
52681691598
52681691593
52681626220
52681626210
52681194571
52681691643
52681626235
52681477414
52681691723
52681477479
52681691743
52681194756
52681626415
52681477549
52681194791
52680675152
52681477574
52681477569
52681477584
52681194841
52680675212
52681691933
52680675127
52681692028
52681194941
52681194896
52681626610
52680675457
52681477899
52681692228
52681383821
52681813855
52681665819
52681665834
52681665974
52680864967
52681881218
52680865027
52681814215
52681666179
52681813870
52681881508
52681814225
52681384221
52681666219
52681384251
52681814240
52681881403
52681881683
52681384366
52681666354
52681666359
52681881793
52681814640
52681384511
52680865412
52681384541
52681666519
52680865512
52680865587
52681882008
52681384751
52681666454
52681666854
52680865742
52681814990
52680865812
52681384861
52681882233
52681384896
52681666969
52680865877
52681671529
52681671514
52681886693
52681886683
52681819460
52680870097
52680870077
52680870052
52680870047
52681389346
52680870012
52680869987
52681819355
52680869952
52681671319
52681671299
52681819425
52681886898
52681819500
52681389596
52681886558
52681389276
52681819690
52680870412
52681819770
52681887118
52681887188
52680870632
52681887373
52681820060
52680870787
52681672379
52681672424
52681672544
52681887713
52681820435
52681672589
52680871052
52680870957
52681672614
52681820490
52681672639
52681390476
52681820515
52681887928
52681390521
52681396176
52680876942
52681678559
52681396166
52681678579
52681826325
52681893793
52681678584
52680876977
52681893788
52681826385
52681893838
52681678624
52681678619
52681893828
52681678649
52681826430
52681893848
52680877032
52681678659
52681678654
52681396271
52681678684
52681396341
52680877132
52681678729
52681826530
52681678754
52681396406
52681396446
52681678834
52681678924
52681826775
52680877322
52681826815
52681679059
52681831070
52681400876
52681682889
52681830835
52681682729
52681830940
52681400841
52681898168
52681400771
52681898113
52681682784
52681682759
52681682744
52681682724
52680881337
52681682864
52681898213
52681898228
52680881482
52680881477
52680881512
52681831010
52681400926
52681682984
52681898308
52680881517
52680881522
52681682969
52680881562
52680881532
52681400941
52680881527
52680881537
52680881577
52681682994
52681831060
52681682989
52681400946
52681831055
52681400951
52680881572
52681683004
52681898323
52681400971
52681898313
52681400956
52680881582
52681898338
52681831090
52681837400
52680887847
52681689109
52681904623
52680887862
52680887867
52680887887
52681837480
52681904663
52681837470
52680887937
52681406831
52681689199
52681904748
52681904783
52681904793
52681904773
52681904753
52680888032
52680888007
52680888017
52681904778
52680888027
52681837540
52681837565
52681904788
52681904768
52681406846
52680887992
52681689229
52681837570
52681837545
52681837575
52681904818
52681837600
52681904808
52681406866
52681837675
52681406916
52681904918
52680888142
52681837735
52680888157
52681689364
52681837765
52681689384
52680888182
52681407006
52681689379
52681407041
52681910088
52681412141
52681412111
52681694784
52681694764
52680893577
52681910173
52681694829
52680893622
52681412151
52681694929
52680893447
52681412171
52681412226
52681412246
52681843210
52681695049
52680893647
52680893752
52681695059
52681843230
52681695094
52681695114
52681910398
52681695179
52680893912
52681910488
52681412446
52681695079
52681843020
52680893927
52681695244
52680893942
52681412516
52680893972
52680893977
52680894017
52681910563
52681695259
52681695279
52681412571
52681695299
52681699919
52681914723
52681847830
52681914623
52681847720
52680898297
52681416741
52681416806
52681699859
52681847890
52680898407
52681847920
52681914733
52681416916
52681847930
52681847940
52681699929
52681848055
52681417031
52681848020
52681417006
52681914783
52681847905
52681417066
52680898512
52681416826
52681848110
52681700039
52681914988
52681914643
52681700099
52680898667
52680898547
52681848220
52681915033
52681417136
52681700014
52681847860
52681700274
52681417336
52681416986
52681847945
52680903927
52681853445
52681920033
52681853510
52681421846
52681705489
52680904032
52681705449
52681853565
52681853620
52681705554
52681422016
52680904132
52680904162
52681705659
52681920308
52680904257
52680904262
52680904272
52681920318
52681705709
52681920338
52681705774
52681705469
52681920398
52681853960
52681705949
52681923278
52680907552
52680907512
52681856745
52680907522
52681425496
52681425501
52681425551
52681425561
52681856840
52681856940
52681856935
52681708954
52681857010
52681425586
52681857040
52681425736
52681923483
52680907802
52681857075
52681425806
52681708979
52681709184
52681425901
52681857175
52681709239
52680907937
52681425941
52681425716
52681709349
52681709384
52681426146
52680907787
52681712824
52681712844
52681429601
52681429596
52680911507
52681712864
52681712879
52681927378
52680911542
52681712914
52681860900
52681429761
52680911672
52681927553
52681927563
52680911712
52680911717
52681713084
52681927288
52681713189
52681429851
52681429836
52681429831
52681713044
52681927673
52681861090
52680911817
52681927698
52681861145
52681927793
52681713344
52681927843
52680915187
52681864610
52681433396
52680915207
52681716594
52681864640
52681433421
52681433451
52681931118
52681864665
52681931148
52681716609
52681433461
52681433491
52681931163
52681864680
52681433531
52681433516
52681433506
52681864695
52681716679
52680915307
52681864770
52681716704
52681433641
52681931328
52681931338
52681931343
52680915332
52680915352
52681864805
52680915372
52681433661
52680915402
52681931373
52680915417
52681931433
52680915437
52681864885
52680915452
52681864880
52680915447
52680915432
52681864895
52681716849
52681931483
52681716634
52681864980
52681723689
52681723739
52681440451
52681440466
52681871930
52681871955
52681723769
52680922377
52681871950
52681440496
52681440486
52681723804
52680922467
52681872035
52681938208
52681872095
52681440616
52680922502
52681723929
52681938248
52681872135
52680922457
52681723994
52681872190
52681724064
52680922607
52680922617
52681440776
52681724089
52681724074
52681724114
52681872290
52681872315
52680922702
52681440841
52681872025
52680922682
52680922672
52681440911
52681872430
52681440906
52681872440
52681724234
52681724244
52681938543
52681938538
52681440951
52681724299
52681938548
52680929327
52680929267
52681878995
52681730489
52681878745
52681944718
52681447381
52681878780
52681447341
52681730374
52681730389
52681944768
52681447396
52681447466
52681944828
52681878905
52680929142
52681447501
52681730549
52681878960
52680929162
52680929167
52681944938
52681944953
52681879025
52681447561
52681879030
52681879045
52681447586
52681730619
52680929282
52681879075
52680929247
52681945008
52681879080
52681730679
52681945023
52681945043
52681945053
52681734929
52681734924
52680933687
52681949323
52681883530
52681883560
52681883580
52681452206
52680933772
52680933802
52681734979
52681883655
52681949433
52681883680
52680933902
52681735134
52680934037
52681949658
52681884020
52681884150
52681735504
52681452751
52681452741
52680934452
52681452791
52681950098
52681452841
52681452836
52681884390
52681950083
52681884250
52680934467
52681950128
52681735739
52680934542
52681452891
52680934547
52681949853
52681452911
52681735829
52681735899
52681735994
52680934612
52680934277
52681950418
52681950488
52681955178
52681955248
52681889270
52681740524
52680939547
52680939522
52681889460
52680939527
52681458086
52681889600
52681740764
52681889595
52681889610
52680939427
52681889630
52681889615
52681889325
52681955523
52681458241
52680940037
52680939617
52681458536
52681955813
52681955288
52681458651
52680940337
52680940352
52680940022
52681458786
52681890200
52681955453
52681741554
52681890245
52681956038
52681458896
52681458886
52681741609
52681956138
52680940552
52681458991
52681741714
52681956253
52681890425
52681895780
52681961213
52681961173
52681746874
52681961423
52681961463
52681464381
52681961503
52681464461
52681896110
52681747204
52681746854
52681464051
52680945392
52681463996
52681895675
52681961793
52681896450
52681464756
52681747459
52680946257
52680946282
52681896660
52680946357
52681747564
52681464951
52681750479
52680949232
52680949267
52681467731
52681899670
52681750699
52681899705
52681964858
52681750804
52680949447
52680949462
52681468001
52680949372
52681899875
52681468051
52680949567
52681750994
52681468106
52681468141
52681468131
52681965058
52681751074
52681964748
52681899575
52681965078
52681467706
52680949752
52680949782
52681965153
52680949797
52681750909
52681750659
52680949112
52680949872
52681900175
52680953162
52681968488
52681903485
52681968518
52681903560
52681968528
52681903545
52681903535
52681903525
52681471536
52681471531
52681968508
52681754449
52681968498
52681968473
52681968468
52681471481
52681968448
52681968443
52681754369
52681968758
52681968773
52681754739
52681754799
52681968868
52681754809
52681968913
52680953572
52681903935
52681968948
52681754439
52681903985
52681904095
52681904105
52680953757
52681754894
52680953557
52681754714
52681472016
52681754519
52681472121
52681760664
52681477711
52681909470
52680958967
52681909410
52681477526
52681974273
52681974228
52681760444
52681974148
52681760404
52681477331
52680958737
52681760324
52681909075
52680958657
52681760214
52681760194
52681477176
52681909020
52681909110
52681760299
52681974108
52680958847
52680958902
52681477461
52681974128
52681973993
52681974033
52681760549
52681477546
52681760684
52681760784
52681760794
52681909765
52681761099
52680959357
52680959682
52680959827
52681478161
52681975228
52681478361
52681981458
52681981428
52681484531
52681916545
52681484361
52681484481
52681981313
52680966187
52680966257
52681767914
52681484381
52681484421
52681484396
52681916395
52680966262
52680966267
52681981288
52681981293
52681767959
52680966307
52680966297
52681981343
52681981353
52681484506
52681768049
52681981408
52681916655
52681981463
52681484606
52681916685
52681981503
52681768219
52681916755
52681916785
52680966702
52681768209
52680966732
52680966907
52681917205
52681768704
52681982023
52681917255
52681485291
52681489921
52681986798
52681773914
52681987018
52680971882
52681922125
52681489911
52680971987
52680972037
52681987198
52681921890
52681774194
52680972167
52681490396
52681490441
52681922435
52681987473
52681774414
52681774419
52681987508
52681987488
52681987498
52681774504
52681922560
52681490546
52681774514
52681922600
52681774524
52681987593
52680972392
52681922625
52681774574
52681987633
52681490631
52681490641
52681490646
52681922690
52680972472
52681774579
52680976762
52681495086
52681778834
52681495026
52681992173
52680976502
52681494941
52680976597
52680976592
52681992078
52681494991
52680976677
52681992198
52681927215
52681778829
52681992208
52680976682
52681778804
52681778869
52680976727
52681992253
52681927265
52681927275
52681992458
52680977002
52680977012
52681779179
52681927590
52681927690
52681927670
52681779339
52681927730
52681779369
52681779469
52681992883
52681927890
52681495681
52681783359
52681499426
52681997148
52680981407
52680981447
52681932070
52681499781
52681783429
52680981522
52680981697
52681500031
52681997663
52681500271
52680982007
52681932495
52681500346
52680982092
52681500421
52681784269
52681784424
52681998408
52681784649
52681500696
52681784629
52681784569
52680982397
52681500731
52681998388
52680982267
52681998178
52681932835
52681784419
52681500761
52681500426
52680982107
52681784249
52682002658
52681936925
52680986767
52681937175
52680986872
52680986907
52681789159
52681937255
52681505251
52681505246
52680986937
52682003018
52680986947
52681789174
52681789189
52680986932
52681789219
52681505301
52681789204
52681937330
52682002688
52681937390
52681937025
52680986697
52681789299
52681789324
52680987027
52680987022
52681505406
52681789339
52682003173
52681937460
52680987102
52682003193
52681789409
52681505426
52680987182
52681505501
52681505526
52682003303
52682003433
52680987427
52680987412
52681937785
52681789764
52680992122
52681510286
52682008523
52682008528
52681510371
52681942495
52681510326
52681510426
52681510496
52681794624
52681794504
52682008703
52682008698
52682008753
52681942690
52680992422
52682008773
52681794774
52681510651
52681942610
52681510466
52681942815
52681942780
52681510516
52681942855
52680992702
52682008973
52681795109
52680992417
52681511161
52681511256
52681943295
52680993182
52681943400
52681795444
52681795449
52680993207
52682009543
52681511471
52681511216
52681943495
52682015248
52681800809
52681516536
52681800824
52681948920
52681516556
52680998587
52680998602
52681948995
52681516621
52680998652
52681949040
52681801004
52681516721
52681949105
52681516741
52681516796
52681801134
52680998447
52681801159
52681949235
52681949225
52682015378
52681949265
52681516941
52681949335
52680998957
52681517006
52680999002
52680999037
52681801269
52681800864
52682015093
52682015083
52680998442
52680999247
52682015793
52681516531
52680999102
52680998682
52680998997
52682021013
52681522616
52681522626
52681522636
52682021148
52681955005
52682021528
52681807439
52681005172
52681522771
52681005107
52681955185
52681004992
52681522826
52682021178
52681807239
52681954915
52681005077
52681807279
52681522896
52681005117
52681807339
52681955230
52681955260
52681955280
52681005197
52681005212
52681523036
52681807434
52681005227
52681005247
52681005257
52681523171
52681523186
52682021578
52682021628
52681955430
52681005397
52681523261
52682021688
52681523181
52681522496
52681806789
52681522716
52681005452
52681005392
52681520441
52681955495
52681521151
52682028318
52682028248
52681012247
52682028223
52681011962
52681961650
52681012202
52681961580
52681529621
52681529601
52682027968
52681012162
52681529861
52681529571
52682028013
52681813699
52682028138
52681011952
52681813754
52681529721
52681011997
52681012022
52682028278
52681813849
52681961845
52681813889
52681529876
52681529981
52681530006
52681961500
52681961980
52681530076
52681012327
52681961860
52681012392
52681814164
52681962120
52681814214
52681814239
52682028478
52681962305
52681530321
52681012622
52682028868
52681814174
52682035033
52681820394
52681968475
52681968450
52681820324
52682034878
52681820379
52681018802
52681536521
52681536601
52682035063
52681968615
52681536611
52681820349
52681968465
52681820649
52681536826
52682035313
52681536696
52681019117
52682035413
52682035423
52681019217
52682035453
52682035468
52682035458
52681820799
52681969115
52682035498
52682035518
52681969250
52681969230
52682035513
52681969370
52681820774
52681969175
52681969120
52681019207
52681019167
52682035303
52681968675
52682035968
52681827379
52681543301
52682041523
52681543156
52681827159
52681975435
52681543201
52681827179
52682041503
52682041493
52681827234
52681025332
52682041553
52681975480
52682041593
52681975510
52682041513
52681025412
52681827349
52682041633
52681543141
52681543456
52681543546
52682041748
52681975665
52681975690
52681025522
52682041728
52681543466
52682041758
52681543526
52682041768
52681827499
52681025442
52681975570
52681543386
52681975750
52681543591
52681975730
52681025582
52681543356
52681975760
52681975810
52681543671
52681025662
52681982265
52681550631
52681834169
52681982095
52681550451
52681550381
52681833969
52681550251
52681833864
52681031937
52681981700
52682048073
52681981745
52681981795
52681981845
52681981855
52681981860
52681032037
52681833989
52681981995
52681833964
52681982005
52682048278
52681032052
52682048218
52681833979
52682048208
52681550356
52681981880
52681550376
52681833884
52682048168
52681982075
52681032237
52682048408
52681032222
52681550486
52682048323
52681833949
52682048468
52681982165
52681982255
52681032437
52681982315
52681550731
52681550781
52681032512
52681556016
52682053743
52681839559
52681987800
52681839584
52681987810
52681839609
52682053788
52681987830
52681987845
52681987855
52681987890
52681037852
52681839664
52681839669
52681987945
52681839729
52681988015
52682053873
52681556186
52682053903
52682053938
52681988025
52681556236
52681988045
52681988055
52681556301
52681556296
52682053993
52681839799
52682054028
52681839824
52681556356
52681038097
52682054033
52681038112
52682054048
52681556376
52681556381
52681839859
52681556391
52681839879
52681556431
52681839899
52681556441
52681839919
52681839949
52681839959
52681038237
52681845709
52682060053
52681993795
52681993805
52681044062
52681044117
52681993850
52682060068
52681562296
52681044147
52681993865
52682060098
52681562321
52681562351
52681562331
52681993920
52681845794
52681845799
52681562356
52682060083
52681044182
52681044102
52682060138
52682060163
52681044192
52681845834
52681044222
52681044227
52681993995
52681562471
52681044272
52681994045
52681044292
52681994020
52681845929
52681845924
52681845954
52682060268
52681044347
52682060283
52681562586
52681994100
52681994105
52681044372
52682060343
52681562631
52681994185
52681562681
52681568526
52681852119
52681852124
52682000230
52681568671
52682066383
52682066183
52682066513
52681852339
52681050512
52681050632
52681852464
52682066628
52681050552
52681852379
52681568901
52681568791
52682066678
52681050447
52681050507
52682066468
52682000225
52681050122
52681049982
52681852584
52682000690
52682066803
52681050762
52682066763
52681852589
52681568981
52681852649
52681851999
52682066733
52681569221
52681852799
52682000905
52681569436
52682067198
52681568851
52681050352
52681569486
52681853054
52682001075
52681051202
52681050657
52681050357
52682072948
52681056902
52682006630
52681056922
52681575426
52682006845
52682072938
52681575041
52682006815
52682073223
52681858984
52682073173
52682073153
52681858969
52682073158
52681575316
52681858959
52681858989
52681575276
52682006755
52681057087
52682006625
52682006600
52681858799
52682072933
52681575381
52682072888
52682072833
52682072778
52681575436
52682006915
52682073303
52682073323
52682073383
52682007010
52681575521
52681575581
52681575761
52681057437
52681061427
52681579841
52682077798
52681863514
52682077638
52682077928
52681061532
52682078053
52681863979
52681061737
52681580086
52682078138
52682011640
52681579781
52681579721
52682012060
52682078318
52682078373
52681864314
52682012240
52681864349
52681864364
52681864449
52681580481
52681864329
52681062162
52681062167
52681062152
52682012360
52682012450
52681864554
52682078503
52682078628
52681580676
52681864614
52681864619
52682012505
52681062477
52682078803
52682012590
52681864719
52682012100
52681580886
52681864109
52682012935
52681865069
52681062767
52682019590
52681871729
52682086148
52682086063
52682019340
52681069347
52682085923
52681587681
52681587701
52681871514
52681871544
52681871569
52682019370
52682019395
52682019415
52681871644
52681069522
52682086248
52681588061
52681871639
52681871934
52681069857
52681069997
52682086533
52681587981
52681872079
52681588346
52681069907
52681070167
52681872229
52681588596
52682020240
52682020225
52682020245
52681872474
52682019880
52681588216
52681588181
52681588871
52682087243
52682020600
52682020605
52682087278
52681070217
52682026385
52682026300
52682026345
52682093088
52681076137
52682093093
52682093103
52681594756
52682093158
52682026420
52681878784
52681594786
52681076227
52681594796
52681878794
52682093218
52681076267
52681076287
52681878834
52682093273
52681878844
52681594841
52681594836
52682026490
52681076367
52681076382
52681878894
52681076387
52682093363
52681594921
52682026550
52681878964
52681879004
52682093533
52682093543
52682026640
52682093163
52682031455
52681599431
52682031475
52681081197
52682098008
52681599421
52681599416
52682031435
52682031425
52681081287
52681599381
52682097933
52681884014
52682098298
52682031715
52682098358
52681081477
52681081417
52681081347
52681081272
52681883899
52682097958
52682097938
52682098488
52681081507
52681081582
52682034895
52681887469
52681887424
52681887389
52681602821
52681084622
52682035215
52682101883
52682101828
52682035090
52681084687
52682101813
52681603111
52682035110
52681084777
52681603161
52682035145
52681084672
52682101748
52681887714
52681084612
52681887579
52682034990
52682035170
52681887789
52681603136
52681603086
52681887534
52681603071
52682101728
52681602916
52681084512
52681887564
52681084447
52681602976
52681602946
52681084507
52681602906
52682101598
52681887404
52681602791
52681888024
52682102108
52682102158
52682102178
52681888119
52682107123
52681893144
52682040330
52682040335
52681893154
52681608341
52682107138
52681089992
52681608346
52682107153
52681893209
52682107168
52681090092
52681608496
52682107348
52682040580
52681893424
52681893454
52682040625
52682040635
52681893469
52682040675
52681608601
52682107463
52682107453
52681893514
52681090362
52682107333
52681893604
52681090432
52682107538
52682040355
52682107558
52681893669
52681893539
52681608786
52682107693
52681090572
52681090452
52682107728
52682107718
52681893789
52681893794
52681893704
52681090642
52681893824
52681893844
52681095562
52681898569
52682045660
52681095617
52681095577
52682113018
52681614001
52682045665
52681614011
52681095547
52682112898
52682045690
52681898684
52681898674
52681898709
52682113123
52681095777
52682113278
52682113368
52682112833
52682046105
52682046120
52681898769
52681898874
52682113383
52681614456
52682046310
52682046375
52681614501
52681096277
52681614591
52682113828
52681899519
52681899544
52681614746
52681899624
52681614846
52681904394
52682118733
52681101227
52681904419
52681101252
52681904504
52681904519
52681619666
52682051415
52681619676
52681619701
52681619726
52681904724
52681101422
52682051495
52682118888
52681101472
52681619856
52682051620
52681619881
52681101657
52681101752
52682051830
52681101762
52682119363
52682118898
52681619711
52682051990
52681101402
52681620286
52681101392
52681101387
52682118838
52681101337
52681904574
52682051965
52682052105
52682119643
52681102107
52681620026
52681620126
52682119723
52682052225
52681905494
52681905504
52681102302
52681108717
52681108542
52682125898
52681911469
52681911474
52681911484
52681911479
52681626866
52681108442
52682125953
52682125948
52681911584
52682058585
52681108502
52681911619
52681626981
52682058640
52681108597
52681108587
52681627031
52681911769
52681627061
52681627056
52682058685
52681108652
52682058690
52682125908
52681108692
52682058730
52681108757
52682058745
52681108772
52681627221
52682058800
52681911904
52681108802
52682058815
52682058855
52681108867
52681627291
52682058865
52681627321
52681912044
52681912054
52681912084
52681631711
52682131248
52682131408
52681916904
52681113832
52682063765
52681916859
52682131543
52682064065
52681632146
52681114277
52682064325
52681114337
52681917559
52682064510
52681916884
52682064565
52681114627
52682064435
52682064640
52681114712
52682064675
52681114732
52681114762
52681917904
52681632901
52681632611
52682064785
52681632911
52682064775
52681114737
52681632981
52681117957
52681117977
52681920949
52681920964
52681921124
52681636341
52681636361
52681921149
52681921084
52681921044
52682068170
52681117952
52681921319
52681118302
52682068115
52681921524
52682068505
52681118932
52681921919
52681118917
52681921899
52681637076
52681637071
52681637051
52682136548
52681637011
52681637046
52682068710
52682136518
52682073480
52682141618
52681926519
52681123907
52681641926
52682141833
52681124107
52681642171
52681642086
52682141543
52681641931
52682141583
52682141563
52681124012
52681926544
52681926554
52681124117
52681926509
52681642221
52681124142
52681927029
52682141918
52682073880
52681927049
52681926944
52682141853
52682142073
52681926914
52681124492
52681642541
52682073955
52681124532
52682142173
52682142183
52681927149
52682142198
52682142223
52682142248
52681642726
52681642776
52682142418
52681927404
52681124772
52681642861
52682074325
52682142553
52681648211
52681130262
52682147918
52682079220
52681932334
52682147893
52682079245
52681648056
52681130212
52681648116
52682147953
52681130302
52681648221
52682079375
52681648226
52682148058
52681130362
52681932549
52681932589
52681932604
52681648331
52681130477
52682079480
52681932634
52681648426
52682079545
52681130602
52682079625
52681932744
52681130612
52681648521
52682148253
52681130627
52681648546
52682148298
52681130662
52682079755
52681134992
52682083735
52682152728
52682152713
52681937174
52682083910
52682083940
52681653186
52682084015
52681653261
52681653286
52682153023
52681135437
52681937589
52681135337
52682152968
52681937574
52682153058
52681653231
52681135442
52681653571
52682153208
52681653446
52682153338
52681135767
52682152893
52681135492
52681653786
52682083850
52682084430
52681135827
52681653626
52682153503
52681937924
52681937389
52681653891
52682153583
52682084590
52681136027
52681653986
52681943809
52681660126
52681660071
52681943914
52681660156
52682090635
52681660046
52681142277
52681142312
52681660281
52681142342
52681660321
52681660351
52681944009
52682090860
52681660376
52682159638
52681142412
52682159658
52682090880
52682090895
52682090905
52682159678
52682090915
52682159723
52682159713
52681142457
52681660366
52682159583
52682090885
52681944204
52681660306
52682159848
52682091045
52682090715
52681142597
52681943909
52682091080
52682091070
52681944339
52681665856
52681666231
52681148197
52682165493
52682096695
52682096670
52682096655
52682096620
52682165133
52681949659
52682165323
52681666041
52681147907
52681949574
52681147797
52681949564
52682165218
52682165178
52681665926
52681147837
52682096395
52681147817
52681949474
52682165158
52682096295
52681148007
52681949654
52682165413
52681666221
52681949764
52682096775
52681669686
52681952974
52681669616
52681151797
52681669691
52682169083
52681151812
52681151832
52682100350
52681953064
52681669781
52682100405
52682100420
52681151957
52681953164
52681669871
52681953174
52682100505
52682100520
52681953139
52681669926
52681953219
52681669921
52681953199
52681152087
52681669906
52681152117
52682100570
52682100565
52681953309
52682100585
52681953429
52681152257
52681953489
52681953544
52681953534
52682100755
52681152442
52681157217
52681958639
52681958649
52681157252
52681675356
52681958644
52682105685
52682105675
52681958784
52681157492
52681675551
52682105905
52681959049
52682174863
52681157592
52681675706
52681959264
52682106195
52682175078
52682106180
52681157852
52682175058
52681959229
52682175138
52681157782
52681959189
52682106100
52682175158
52681959354
52681675721
52681959119
52681959424
52682106015
52681676056
52681157622
52682174838
52681675646
52682175293
52682175298
52682180028
52682111135
52681162972
52681964309
52681163017
52682180173
52681964389
52681163097
52682111395
52681681381
52682111570
52682111540
52681964579
52681964599
52681163427
52682111760
52681964814
52681964834
52681163657
52681964914
52681681921
52681681991
52681682026
52682111595
52681964474
52682180578
52681163052
52681964244
52681965074
52681965114
52681682181
52681682046
52682180948
52682112150
52682180833
52681964954
52681163837
52682112255
52681682261
52681164102
52682112415
52681163772
52682115970
52681168007
52681685956
52682116175
52681686076
52681168267
52682116320
52681686201
52681969384
52682185343
52681686326
52682185443
52681168547
52682116565
52681969679
52682185128
52681686521
52681168512
52681969839
52681969924
52682185753
52681969909
52682185708
52681168797
52681686641
52681168782
52681168772
52682185728
52682116735
52682116810
52681969954
52681969844
52681686701
52681969814
52682116905
52681970074
52681970094
52682116960
52681969229
52681970069
52681970199
52682186073
52682117105
52681970234
52681970229
52681174197
52682122310
52681692081
52682191513
52682191658
52682191663
52681692116
52682191838
52681174512
52681975939
52681174237
52681976319
52681174667
52681976059
52681976354
52681174272
52682192068
52681174827
52681692571
52681976584
52682123070
52682123115
52682192233
52682192273
52682192218
52681976554
52681174952
52682123250
52682191323
52681976594
52681976984
52681175242
52681693061
52681976924
52681976394
52681175322
52682123520
52681977099
52681693136
52681175352
52681693156
52681977114
52681175427
52682123415
52682129410
52681698891
52682129360
52682198283
52682129315
52682129270
52682198218
52681698756
52681181017
52682129365
52681698846
52682198263
52681181097
52682129230
52681982804
52682129190
52682198198
52682198308
52681982949
52681698916
52681181182
52681181192
52682198328
52681698991
52681181117
52681698721
52681181297
52681983119
52681698921
52681983189
52681699146
52682198608
52682129395
52681983019
52682198733
52681699321
52682198783
52681699106
52682129830
52681983179
52681181357
