52686168801
52686168811
52685655237
52685655287
52686666723
52685655322
52685655342
52686596020
52686450074
52685655497
52686450049
52686596280
52686450229
52686596185
52686169001
52685655457
52686667198
52686667243
52686667268
52686596530
52686596575
52686596670
52685656012
52686450829
52686450924
52686169676
52686169691
52686596785
52686169726
52685656157
52686667358
52686169131
52686451004
52686596770
52686450709
52686596845
52686667643
52686169921
52685656367
52686169956
52686169941
52686451299
52686451374
52686170136
52686597215
52686451474
52685656712
52685656762
52686451589
52686667958
52686170156
52686667788
52685656717
52686170076
52686170036
52685656447
52686170406
52686597195
52686668163
52686667943
52685657062
52685657067
52686451899
52686668393
52686668613
52686452224
52686170826
52686668573
52685657282
52685657267
52686668538
52686668513
52685657192
52685657182
52686668453
52686451964
52686170616
52685657102
52686170596
52686170641
52686452024
52686668423
52686597795
52686668583
52686452234
52685657337
52686668653
52686452289
52685657407
52685657442
52686170926
52686668743
52686171011
52686668773
52685657262
52685657372
52686171131
52686598125
52686452494
52686170941
52686668593
52685657072
52686452604
52686598295
52686669023
52686171136
52686452759
52685657777
52686171716
52686598820
52686171761
52686171691
52686598755
52686171676
52685658152
52685658177
52686453254
52685658207
52686669593
52685658267
52686453354
52686453369
52686598935
52685658327
52685658322
52686598965
52686669768
52686453184
52686669838
52686453544
52686669873
52686172121
52686172141
52686453584
52686172161
52686172201
52686670018
52686172231
52686172236
52685658672
52686172276
52686172316
52686172326
52685658857
52686172416
52686172391
52686670178
52686453769
52686670153
52685658717
52686172311
52685658572
52686669998
52686669993
52686453589
52686670173
52686669973
52686172446
52686453929
52686172566
52686172616
52686670533
52686454224
52686599820
52686599815
52686172646
52686599410
52686670778
52686454254
52686172896
52686173071
52686172876
52686822173
52686606824
52686753180
52686606839
52685811337
52685811347
52686821588
52686325121
52686325071
52686325056
52686753265
52686606969
52686753310
52685811532
52686607049
52686325261
52686821753
52686325256
52686325271
52685811577
52686753375
52685811357
52686325326
52686606889
52686753455
52686753480
52686821913
52686325391
52685811707
52686822008
52686607354
52686822098
52686325541
52686822108
52686753715
52686324986
52686607424
52686753835
52686325571
52686822253
52686822358
52686608599
52686823003
52686608154
52686822688
52685812557
52686754320
52686754370
52685812587
52686608159
52686822848
52686608184
52685812722
52686822893
52686608304
52686754565
52686608334
52685812757
52686754585
52686608374
52686608389
52685812812
52686822993
52685812777
52686608484
52686608474
52686608489
52685812687
52686326761
52685812962
52686608579
52685812807
52686822943
52686822828
52686754835
52686822703
52686823113
52685812747
52685813132
52685812677
52686326416
52685812632
52685814087
52686823978
52686327956
52686327751
52686756045
52686824478
52685814097
52686328136
52686609489
52686610024
52686610114
52686824808
52686610149
52686609524
52686756195
52686756155
52686756125
52686609909
52685815232
52686328901
52686329241
52685815067
52686610879
52686825428
52686825398
52686757070
52686757055
52686757035
52685815157
52686610749
52686610809
52686329091
52685815462
52685815207
52686610789
52686757265
52686329076
52686825313
52686757235
52686329116
52686610774
52686756960
52686757195
52686756930
52685815342
52686610864
52686328951
52686328941
52686756865
52686329126
52686610554
52686610814
52686825328
52686825308
52686756945
52686756910
52686610609
52686611094
52686825643
52686329136
52685815652
52686757480
52686825293
52686825608
52686329286
52686119587
52687063655
52686917399
52686119612
52686917234
52686917239
52687132483
52686119642
52686119682
52687132573
52686638066
52686638086
52687063405
52686917364
52687132623
52686119782
52687132693
52687063335
52687063525
52687063490
52687063620
52687063665
52686638271
52686638316
52686638336
52686638346
52687132958
52686119882
52687132988
52687132973
52686638446
52686917729
52686917799
52686638531
52686917904
52687064020
52686917949
52686120282
52686120342
52687064200
52686120402
52686638836
52686120472
52686120452
52686918184
52686918164
52686918314
52686920809
52687136178
52686641506
52687136028
52686641236
52686641306
52686640906
52686920744
52687066295
52686641211
52686641176
52686122792
52686122742
52687066505
52686920519
52687066435
52687135698
52686920424
52687135633
52687066390
52686640936
52686920419
52686640981
52687135718
52686640991
52686122652
52687066515
52686122512
52686641051
52686641136
52686920689
52686122522
52686920324
52686920659
52686122747
52686920984
52687066925
52687066905
52686641526
52687136113
52686920969
52686920884
52686920814
52686640976
52687136278
52686920724
52687067220
52687067335
52687069690
52687069685
52686125727
52686644301
52686644271
52687138558
52687069390
52687138513
52686644046
52686644026
52687138713
52687069270
52687138423
52686643976
52687069265
52686923484
52686644081
52686923569
52686923579
52686923599
52687138543
52686125547
52686923644
52687069470
52686644196
52686923664
52686125562
52687069480
52687069515
52686125647
52686125652
52687069345
52686125697
52686644316
52686125717
52686923804
52687138753
52687069625
52686125737
52687138823
52687138853
52687138883
52686924019
52686644516
52686644536
52687069825
52686125997
52687069875
52686924184
52686924999
52686924994
52686645496
52686645521
52686645541
52686645561
52686127042
52687070965
52687070955
52686645476
52687140323
52686925169
52687071010
52687070815
52686925269
52687140403
52686127307
52686925299
52686645791
52686925349
52686127342
52686645861
52686127387
52686925504
52687071290
52687071355
52686127537
52687140128
52687071380
52686127552
52686925654
52686925729
52686127687
52686646071
52686127727
52687140813
52687140868
52686127807
52687160745
52686735111
52686735631
52687161315
52687229373
52687229423
52687161135
52686735366
52687229323
52687015624
52687229268
52687015574
52686215152
52687229173
52687160720
52686735151
52687160790
52686215177
52686215257
52686215317
52687160780
52686735481
52687016019
52687229573
52687016064
52687016009
52687015729
52687161355
52686215822
52686735241
52687233613
52687165090
52686737946
52687164505
52687162995
52687162405
52687016859
52687162140
52687230658
52686736561
52687230388
52687230548
52686736631
52686736646
52687162300
52686736636
52687161990
52687230653
52686736821
52687017269
52686216887
52686737016
52687162745
52687162775
52686217762
52687017664
52687162940
52686737611
52686217147
52686737456
52686218242
52686738041
52686738316
52686738586
52687231008
52687231463
52686736711
52687016964
52687232988
52687019654
52687164775
52686219762
52686739521
52686219997
52686740171
52687020404
52686740306
52687236233
52686222012
52686742296
52686742276
52687022324
52687236293
52686742286
52687022334
52686742331
52687236318
52686222067
52687022384
52687022379
52687022369
52687167900
52687236253
52686742356
52687022409
52686222097
52687167945
52686222132
52687022429
52686742401
52687236418
52686742421
52687168050
52686222217
52686742446
52687236558
52687236703
52687168145
52687236753
52687236748
52687022724
52687236873
52686742761
52687168395
52687168405
52687022884
52687168450
52687168460
52686742991
52687237118
52687237308
52687023629
52687239258
52687239193
52686225632
52686744951
52687025069
52687239268
52687025174
52687239248
52686744986
52686745036
52687025234
52687239438
52687170740
52686225147
52686225247
52687025499
52687239593
52687025534
52687025579
52687171000
52686745316
52687171055
52687239838
52686225422
52686745461
52687025814
52686745466
52687025829
52687239933
52687239938
52687171045
52687171235
52687239393
52686745716
52686745721
52687239553
52686745756
52687025394
52686225092
52687025309
52686225057
52686745876
52686745941
52686225962
52687173125
52686747631
52687027849
52686227667
52687028434
52687242393
52687173275
52686227822
52687028059
52687241968
52686227807
52686747671
52687027874
52687028364
52686228097
52686748106
52686748126
52686228147
52686748141
52686748316
52686228322
52687242468
52686748371
52686748421
52686228447
52687173805
52686228422
52687028849
52687028919
52686228632
52687243043
52687173835
52687028669
52687028259
52686750306
52687244678
52687175125
52687175095
52687175060
52687244103
52687175020
52687175010
52686749756
52686229637
52686229707
52686749836
52687244268
52686749716
52686750146
52687244513
52687175205
52686749801
52686230007
52687175460
52686230012
52687030279
52686230332
52686229742
52687175600
52687175275
52686750461
52687030669
52686750286
52686749946
52687245168
52687030934
52687175795
52686230592
52687245298
52687030819
52687175625
52687031039
52687175985
52687031014
52687176010
52687245023
52687175785
52687178035
52686232837
52686753031
52687178155
52687247438
52687178175
52686233562
52687247823
52687033484
52687247778
52687033469
52687178280
52686753261
52686233242
52687247698
52686233382
52686233272
52687033304
52686752841
52686753341
52686753361
52686233337
52687247678
52687178425
52686233392
52686753291
52687247593
52687247563
52687033054
52686233192
52687247533
52687178180
52687033489
52687178260
52687247878
52686753071
52687033619
52686233617
52687033399
52686753766
52686753841
52686233817
52687033869
52686233847
52687178840
52686753491
52686236702
52687036199
52687181325
52687036039
52687036434
52687036409
52687250558
52687250503
52686756061
52687036284
52686235902
52686756136
52686756126
52687180945
52686235897
52687036249
52687250423
52686756281
52686756296
52686756256
52686756236
52686756366
52686756201
52686756391
52687181020
52686756031
52687250553
52687181390
52687250548
52686236482
52687181465
52686756876
52686236537
52686756921
52687718723
52687502119
52686704792
52686704747
52687648580
52686704667
52687648300
52687502469
52687718948
52686704587
52687718703
52687648440
52687502319
52687502254
52686704612
52687718758
52687502154
52687224371
52687648800
52686705007
52687502459
52687502474
52687224061
52687502189
52686704472
52686704522
52687718783
52686704617
52686704682
52687648380
52687648475
52687648470
52687224071
52687719003
52687719008
52687718973
52687502564
52687648595
52687502339
52687718803
52686704492
52686704987
52686704582
52687502724
52686705087
52687719378
52687648920
52687719158
52687648710
52687649055
52687652095
52687652075
52687505724
52687722683
52686708312
52687652225
52687227511
52687505819
52687652260
52687227586
52687227621
52687227691
52687652355
52687652395
52687227701
52687652410
52687722973
52687227806
52687505999
52687652515
52687652520
52687227866
52687723043
52687227906
52687227896
52686708687
52687506114
52687227991
52687506159
52687506209
52687723248
52686708832
52687506254
52687652830
52687652845
52687228266
52687723558
52687723633
52687652980
52687506549
52687723778
52686709317
52687652440
52687506684
52687726398
52687509199
52687509214
52687655815
52687230941
52687230971
52687655905
52687655930
52687509389
52687509429
52686712122
52687726498
52687655960
52687231076
52687726558
52687656025
52687231136
52687509289
52687509269
52687656105
52687655940
52687656165
52687726768
52687656135
52687726823
52687656215
52686712382
52686712362
52687656220
52687231336
52687231381
52687656315
52687726918
52687726923
52687656360
52687509829
52687726983
52687727013
52687510049
52687727148
52687231636
52687510139
52687231866
52687656905
52687727498
52687727578
52686713077
52687658615
52687233491
52687729363
52687658640
52687233566
52687512149
52687233601
52687658755
52687512199
52686714707
52687658760
52687233616
52687233591
52687233621
52687729468
52687233636
52686714722
52687658960
52686714952
52686715032
52687659105
52687233686
52686714827
52687233656
52687658820
52687512739
52687512859
52687234351
52687233851
52686715802
52687730523
52687234736
52687513359
52687659965
52686715657
52687234101
52687235226
52687234086
52686716307
52687234336
52687235261
52687660575
52687235416
52687234996
52687731138
52687757203
52687687010
52687262181
52687686880
52687540369
52687757108
52687686820
52687757058
52687686770
52686743542
52686743472
52687686750
52686743437
52687756948
52687261956
52687756918
52687261931
52687756873
52687686635
52687540179
52687540154
52686743247
52687540134
52687756928
52687262016
52687757043
52687757033
52687540174
52687757113
52687540379
52687261951
52687262126
52687262176
52687262291
52687540579
52687757333
52687540589
52687756788
52687687275
52687757573
52686743432
52687687460
52687687435
52687262626
52687262616
52687687510
52687687525
52687687055
52687541279
52687690730
52687544154
52687761083
52686747737
52687544209
52687690785
52686747757
52687761133
52687541654
52687760613
52687689640
52687544264
52687761188
52686747407
52687543874
52686745637
52687688080
52687544289
52686747812
52687761213
52687543854
52687265666
52687690895
52687265626
52687543789
52687761313
52687541334
52687687825
52686747907
52686747982
52687757838
52687761393
52686748002
52687266516
52687266611
52686744122
52687540889
52687757568
52687539659
52687691260
52687693300
52687546479
52686750377
52687763553
52687763558
52687546554
52687268811
52687268821
52687268841
52687693460
52687763703
52686750532
52686750552
52687693475
52687546684
52687546694
52687546719
52687693565
52687269001
52686750647
52687269066
52687546789
52687763878
52687693685
52687763933
52687693730
52687763938
52687546894
52686750797
52686750807
52687763968
52686750907
52687693875
52687693835
52687547034
52687764068
52687547059
52687547064
52687693890
52687547054
52687764128
52687764233
52687547244
52687547439
52686751342
52686751367
52687549704
52687766783
52687271666
52687271621
52687766528
52687271711
52687549449
52687549454
52686753367
52687766718
52686753442
52687696310
52687549659
52687271951
52686753632
52687549784
52687766853
52687696590
52686753727
52687549799
52687767283
52686753862
52687272236
52687767303
52687696835
52686753472
52687549989
52687696880
52687697130
52687697275
52687767688
52687767713
52686754462
52687767663
52687272556
52687550574
52687697485
52687272671
52687550589
52686754622
52686754652
52687697640
52687550839
52687771123
52687771013
52686757752
52687770818
52687770743
52687699920
52687275226
52687275271
52686757507
52686757552
52686757547
52687275501
52687770973
52687553484
52687553479
52687553529
52686757822
52687700355
52687700345
52687700395
52686757907
52686757887
52687553679
52687275856
52687275826
52687771143
52687553754
52687275896
52687771178
52686758362
52687771328
52687553744
52687700415
52687700260
52687275991
52687700640
52686758177
52687771483
52686758477
52687554184
52687771748
52687700985
52687276411
52687700980
52687554314
52687703760
52687279111
52687557024
52686761462
52687279241
52687774693
52687774743
52686761722
52687774803
52686761787
52687704125
52687557334
52687557944
52687279561
52687774973
52686761977
52687775213
52686762052
52687775163
52686762117
52687557444
52687704455
52687557709
52687557719
52687775233
52686761537
52687279756
52687279786
52687775348
52687557774
52686762227
52686762277
52687704680
52687279916
52687704720
52687704795
52687557964
52687775633
52687775748
52687705000
52687280256
52687774808
52687776083
52687558534
52687560779
52687707405
52687778278
52687560954
52687560949
52687778408
52687561044
52687778468
52686765377
52687707620
52687778678
52687707630
52687283036
52686765552
52687283116
52687778863
52687561464
52687283271
52686765502
52687708180
52687779118
52687561764
52687283511
52687708400
52687561954
52687779383
52687708565
52687283716
52686766262
52687779523
52687779558
52687562179
52687562214
52687778803
52687708815
52686766512
52687284016
52686766712
52686766772
52687283216
52687562579
52686766817
52687283981
52687562049
52687284166
52687562774
52686770962
52687713640
52686770577
52687288176
52686770307
52687288141
52687713530
52686770762
52687713380
52687287971
52687713290
52687566274
52687287806
52686770472
52687287666
52686770602
52687287631
52687566029
52687287491
52687783658
52687565959
52687783663
52687287521
52687287571
52686770302
52687566039
52687287621
52687783778
52687287591
52687783748
52686770507
52687566234
52686770607
52687784023
52687713355
52687566399
52687566539
52687713305
52687713670
52687287636
52686770932
52687713800
52687566744
52687287821
52686771137
52687288591
52687788028
52686774857
52686774727
52687291731
52687717115
52687717120
52687569964
52687291801
52687570054
52687570059
52686774677
52686774687
52687788213
52687291981
52687788183
52687570229
52687717515
52687788023
52687291776
52687292201
52687788488
52687292166
52687717630
52687788608
52686775157
52687292386
52687292381
52687788693
52687788748
52687570754
52687717920
52686774607
52686775387
52687570824
52686775382
52687570879
52687570654
52687718050
52687718060
52687570954
52687788123
52687789133
52687571129
52687570194
52687718440
52687792148
52687573904
52687295421
52687791893
52687791838
52687791813
52687791783
52687791683
52687791658
52686777967
52687295126
52687573584
52687573599
52687573619
52687720760
52687720790
52687573689
52686778177
52687573789
52687573854
52687792058
52686778447
52687295616
52687720955
52686778542
52687721155
52687721220
52686778627
52687792278
52687574224
52687295891
52687792368
52686778772
52687295921
52687721365
52686778822
52687792393
52687574304
52687721410
52687574339
52687721465
52686778932
52687792488
52687574359
52686779007
52687792398
52687574414
52686778107
52687792813
52687577694
52687299911
52687299601
52686782342
52687796018
52687299621
52687724660
52687577949
52687724790
52687724595
52686782637
52686782647
52687299886
52687578084
52687796288
52687299936
52687724985
52687725000
52687796368
52687796373
52687577914
52687300051
52687300041
52687796228
52687300091
52687796408
52687578179
52687300166
52687725085
52687300191
52687577899
52687578399
52687300291
52687796603
52687300111
52687796713
52687578544
52687725460
52687300491
52687300476
52687725505
52687300541
52687795993
52687796848
52687302911
52687799748
52686785692
52686785212
52687799408
52687302551
52687302296
52686785892
52687302716
52687303026
52686785732
52687799968
52686786032
52687798698
52687303226
52687726965
52687581704
52687726940
52687303456
52687303511
52686785962
52687729020
52687728230
52687729040
52687582094
52687303421
52687302901
52687580484
52687581719
52687582149
52687302746
52687582189
52687728630
52687729290
52686786987
52687582504
52687581394
52687799558
52687302496
52687304206
52687304211
52687731830
52687306616
52687803488
52686789597
52687585104
52687731930
52687803508
52687585469
52687732100
52687306766
52687585149
52687731995
52687803638
52687732005
52687803658
52686789827
52687803753
52687803528
52687585504
52687732110
52687306946
52687803613
52687306991
52687732210
52687585449
52687732225
52687585474
52687804138
52687803918
52687585519
52687585564
52687307121
52687732400
52687585639
52687307306
52687732140
52687585419
52687804213
52687804168
52687732185
52687307451
52686790312
52687804338
52687732710
52687585794
52687307611
52687589164
52686793417
52686793397
52687807308
52687310606
52687310616
52687807363
52686793427
52687310701
52686793552
52686793572
52687735885
52687735860
52687310776
52687310771
52687807488
52686793602
52686794077
52687589244
52687736035
52687589564
52686793712
52687736000
52686793762
52687310911
52686793692
52687589339
52686793627
52687589299
52687807493
52687735925
52687589254
52686793517
52687310671
52687736300
52686794042
52686794062
52687808028
52686794352
52687590064
52687812128
52687740610
52687812118
52687812098
52687740590
52687812083
52687740580
52687593704
52687740535
52686798132
52687593684
52687315171
52686798117
52687593609
52687811968
52687811988
52687740510
52686798127
52687811998
52687315201
52687315186
52687740515
52687740525
52687811973
52687740555
52687315251
52687593779
52687593769
52687593754
52687740475
52686798277
52687315101
52687593579
52687315091
52687593849
52687593844
52687593834
52687593549
52687812218
52687812008
52687593539
52687812248
52687812263
52687315371
52687811888
52687315416
52687593929
52687319221
52687597589
52687597779
52687597874
52687597909
52687816218
52687319606
52686802172
52687816178
52686802182
52687597924
52686800687
52687598134
52686802167
52686800627
52687743325
52687319511
52686802127
52687597884
52686802532
52687816008
52687319786
52687597804
52687598384
52686802717
52686793147
52687806533
52687745590
52687816623
52686802802
52687584324
52687308686
52687816673
52687816653
52687745600
52686802662
52687598474
52687745640
52686802757
52687597414
52686802962
52687598624
52687745745
52687319651
52687598684
52687745855
52687816963
52687603829
52687603354
52687325216
52687603404
52687750705
52686808052
52687325331
52687750730
52687325396
52686808107
52686808167
52687325446
52687325456
52687750935
52687325521
52687822083
52687750995
52687325666
52687751035
52687822183
52687603764
52687751075
52687751100
52687751225
52687603854
52687325771
52687751115
52687325741
52687822273
52686808362
52686808527
52686808532
52687603954
52687751080
52686808007
52687325871
52687604019
52687603509
52687822468
52687822513
52687604049
52687325956
52686808207
52687604079
52687822563
52687326051
52687755405
52686813037
52687608409
52687608464
52687827078
52687827118
52687608564
52687827128
52687608544
52687608404
52687827308
52686813327
52687330721
52686813247
52687330836
52687330861
52687330911
52686813482
52687827168
52687331041
52687756045
52687756035
52687756050
52686813517
52687330741
52687756100
52687756065
52686813537
52687608999
52687756085
52687827493
52687330246
52687609039
52686813492
52687755990
52686813597
52687827393
52687330851
52687330791
52687827583
52687608849
52687330761
52687330701
52687827303
52687755720
52687609174
52687609199
52686817042
52687334381
52687334351
52686816977
52686816952
52687612434
52687334311
52687612449
52687759405
52687334291
52686816972
52687759390
52687334356
52687334266
52686816937
52687831393
52687334536
52687334541
52687612724
52687612759
52687612769
52687334386
52686817257
52687831388
52686817012
52687831173
52687612844
52687759675
52687334466
52687334656
52687612654
52687334421
52686817372
52687334801
52687612989
52687613129
52686817527
52687334981
52687613304
52687763880
52687837318
52687618579
52687765310
52687838573
52687838603
52687838633
52687341941
52686824127
52686824132
52687620064
52687767055
52687838763
52687342331
52686824277
52687839023
52686824282
52687767365
52686824357
52687767215
52687620059
52687839158
52686824467
52687342106
52687838643
52687342596
52687839203
52687839208
52687342636
52687342606
52687620379
52686824522
52686824527
52686824562
52686824552
52687767455
52686824592
52687770320
52687623454
52686827582
52687623379
52686827462
52687770100
52687841863
52687623144
52687623154
52687623229
52687841963
52687770205
52687770130
52687842098
52686827592
52687345891
52687842223
52687623524
52686827727
52687345976
52686827757
52686827772
52687842343
52687770415
52687842323
52687623609
52687345986
52686827807
52687346096
52687346206
52687346246
52687623819
52687773985
52687845898
52687774010
52687627239
52687846028
52687846048
52687846053
52687846038
52687774185
52687349961
52687349986
52687774215
52687774225
52687350006
52687774255
52687350041
52687627524
52687350061
52686831757
52687350046
52687774360
52687774050
52687845983
52687774430
52686831887
52686831847
52687846413
52687845998
52686832042
52687774385
52686832087
52687627744
52687846503
52687350271
52687774535
52687350281
52686832117
52686832147
52687774570
52686832182
52687350316
52687350336
52687350366
52687350401
52686832327
52687774755
52687846703
52687846758
52687353951
52687353916
52687850198
52687631574
52687631504
52687850378
52686836317
52687354236
52687850463
52687631699
52687631684
52687778650
52687631739
52687850523
52686836447
52687631774
52687778685
52687778700
52687778730
52687778765
52686836647
52686836637
52687778500
52686836522
52687850703
52687850753
52686836712
52686836562
52687354591
52686836752
52687778980
52686836757
52687850848
52686836042
52687632174
52687354736
52687779170
52687632194
52687778890
52687354816
52687632064
52687850658
52687778425
52687851093
52686840357
52687782715
52687782725
52687854588
52687358236
52687635584
52687782665
52686840592
52687782785
52686840502
52687635694
52687635664
52686840637
52686840642
52687854488
52686840662
52687854883
52687854778
52686840877
52687636004
52687782990
52687358911
52687636369
52687783255
52687358891
52687358691
52687782890
52687782810
52687854663
52687783435
52687854618
52687783120
52686841242
52687783635
52687636919
52687783850
52687637404
52686842132
52687364146
52687788265
52687364186
52687788305
52687364171
52687642054
52687364256
52687642084
52686846547
52687788415
52686846502
52687860433
52687364386
52687642289
52687860538
52687364556
52686846732
52687860603
52686846712
52687364406
52687788480
52687642384
52687364576
52687642124
52687788775
52687860653
52687642444
52686846847
52687364636
52687364236
52687642544
52687364736
52686846987
52687642574
52687364741
52687788450
52687364816
52687364846
52686847122
52686847162
52687789010
52687861028
52687789195
52687788925
52687860683
52686846667
52687861733
52687794470
52687794500
52687866273
52687794590
52686852447
52686852452
52687648029
52687795480
52687794665
52687370411
52687370141
52686853147
52687795090
52687370436
52687866368
52686852567
52687370446
52686852537
52687370441
52687648139
52687794755
52687866463
52687370826
52687370616
52686852922
52687370621
52687370646
52686852887
52686852722
52687370451
52687866193
52687866638
52686852907
52687866793
52687370916
52686853137
52687795330
52687648744
52687370976
52687795220
52687371321
52687648964
52686853597
52687370391
52686852422
52687370291
52687870633
52687870468
52687653064
52687653089
52687871053
52687653099
52687799500
52687799560
52687799555
52687799195
52687375366
52687375346
52687653224
52687799385
52687375121
52687799640
52686857837
52686857702
52687374996
52687870843
52687375426
52687799685
52687870753
52687653374
52687374786
52687798995
52686857057
52686857922
52686857952
52687799780
52687871413
52686858027
52686857577
52686857567
52687799890
52686857562
52687799920
52687375806
52686857517
52687799360
52687375051
52687652664
52687871703
52687870808
52687800135
52687653829
52687376126
52687380521
52687380386
52687380321
52686862497
52687804765
52687380341
52687876348
52687804820
52686862667
52686862692
52687876493
52687876538
52687380451
52687380506
52687380516
52686862752
52687380466
52687658424
52687876693
52687380581
52687805060
52687380486
52687658229
52686862932
52687658664
52687380951
52687380991
52686863202
52686862827
52687381131
52687877248
52686863397
52687877338
52686863442
52687381331
52687659134
52687659204
52687805815
52687381406
52687659454
52687658719
52687381536
52687806080
52687659594
52686863987
52686906717
52686906692
52687849420
52687702414
52687921068
52687425191
52687702509
52687849470
52687921178
52687702544
52687849465
52687702534
52687425271
52687921173
52687425261
52687425256
52687702604
52687425221
52687921348
52686907157
52686907177
52687425551
52687921603
52686907222
52686907327
52686907337
52686906732
52687702909
52687849895
52687850010
52687425376
52687425896
52686907577
52686907747
52687703359
52687702889
52686907797
52686907822
52687922138
52687707129
52687925953
52686911772
52687925978
52687854110
52687854130
52687430121
52687707224
52686911832
52687707184
52687926123
52687430061
52687430226
52686911937
52687854270
52687430256
52687430281
52687707394
52686911977
52687430136
52687854405
52687430351
52686912027
52687854410
52687854435
52686912097
52687430441
52687430481
52687926458
52687430411
52687430496
52687926478
52686912267
52687854580
52686912252
52687707669
52686912357
52686912427
52686912507
52687854850
52687926948
52687430846
52687855150
52686918062
52687713199
52686917832
52686917662
52686917622
52687713004
52687712984
52687859695
52687436056
52686917412
52687712794
52687712739
52686917317
52687859410
52687859395
52687859420
52687931668
52686917352
52686917347
52687859480
52687436011
52687712749
52687931723
52687859540
52686917417
52687436031
52687859555
52687712869
52687859585
52686917512
52687712919
52687436076
52686917527
52687859690
52686917272
52687859720
52686917612
52687713019
52687713059
52687859645
52686917767
52687436436
52687436451
52686917902
52687860170
52686918192
52687441971
52686923142
52687718484
52687442121
52687718509
52687442116
52687441991
52686923357
52687718629
52687442261
52687865680
52686923192
52687442351
52687442401
52687865805
52687937763
52687442461
52687442591
52687865915
52686923682
52686923677
52687442536
52687718949
52687442626
52687719089
52687719074
52687442756
52687719104
52687866150
52687442801
52687719174
52687442906
52686923892
52687938138
52687719239
52687866325
52687442546
52687866290
52687866360
52687719329
52687865940
52687938458
52687719484
52687870695
52687942713
52687723754
52687723724
52686928432
52687942643
52687723669
52686928392
52687870595
52686928377
52687447556
52687942618
52687447591
52687447701
52687447716
52687942768
52687447751
52687447766
52687942813
52686928577
52687723899
52687447851
52687447866
52686928662
52687942943
52687723984
52687870965
52687724059
52687724074
52687724094
52687943063
52687447981
52687871050
52687724124
52686928867
52687448016
52687943093
52687447606
52687724184
52687943183
52687943198
52687943213
52687943278
52687724314
52687871280
52687729204
52687453501
52687729149
52686934247
52687729009
52687729094
52687453391
52687453366
52687729044
52687453376
52687729084
52686934217
52687876115
52686934232
52687948293
52687876180
52686934317
52687729089
52687948413
52686934457
52687729364
52687876350
52687729399
52687876385
52687729109
52687948603
52687948688
52687729649
52686934867
52687729689
52687729669
52687729674
52687948843
52687453816
52687454166
52687454136
52686934912
52687949093
52687454331
52687949143
52687729989
52687877025
52687729879
52687877130
52687877195
52687954193
52687459231
52687882065
52687735129
52687459276
52687954278
52687735229
52686940672
52687882195
52687882215
52687954333
52686940667
52687954353
52687735314
52687954413
52687882260
52687735339
52687882275
52687735369
52687882270
52687882280
52687735344
52686940767
52687954428
52687735374
52687954443
52687882290
52687459421
52687735514
52687954583
52687735529
52687735544
52686940947
52687882535
52686940937
52687882585
52686940997
52686941037
52686941032
52687735684
52686941087
52687882645
52687735734
52687954838
52687882785
52687882775
52687465506
52687741464
52686946647
52687960478
52686946542
52687465321
52686946467
52687741264
52687465246
52687465271
52687888075
52687741274
52687741304
52687465266
52686946477
52687888120
52687465306
52687960438
52687465366
52686946552
52687465391
52687741389
52686946567
52687888190
52687465386
52687888175
52687888185
52687741414
52687960518
52686946617
52687741439
52687888245
52687888285
52686946677
52687741469
52687960618
52687960588
52687888305
52687741489
52687960598
52687960613
52687960623
52687465536
52687888405
52687960703
52687741599
52686946937
52687465726
52687894100
52686952487
52687746814
52687746724
52687470461
52687746564
52687965573
52687965563
52687965593
52687746629
52687893365
52687893360
52687965638
52687470576
52686951912
52687965648
52687470566
52687965683
52686952012
52687746764
52687965733
52687965773
52687470681
52686952097
52687965888
52687965903
52687965863
52687470831
52687746904
52686952162
52687470581
52687893715
52687746984
52687747044
52687470961
52686952342
52686952397
52687471131
52687471161
52686952527
52687893960
52686952402
52687966343
52687894125
52687966518
52687966608
52687970373
52687898380
52687970358
52687751754
52687475376
52686956892
52687751869
52686956972
52687898520
52687751934
52687751924
52687752094
52687475666
52687898570
52687752064
52687475661
52687475716
52687898730
52687475801
52687970913
52687475866
52687752329
52687475831
52687751744
52687970993
52687899040
52687971018
52687475301
52687752324
52687752224
52687476061
52686957477
52687752534
52686957517
52687476071
52686957547
52687752489
52686957587
52687899395
52686957707
52687899465
52686957792
52687752934
52687899560
52687971368
52687752979
52687899310
52687476611
52688386513
52687892351
52688314940
52687892396
52688386593
52688314985
52688315000
52688315025
52687892526
52688315050
52687892796
52688168139
52688386793
52687892766
52688315275
52688386853
52687892891
52688168244
52688386803
52687374292
52688315360
52688386753
52688168289
52688386653
52687373902
52687374377
52688386958
52688387008
52687374772
52688168679
52688315605
52688315515
52687374822
52687377847
52687896546
52687896556
52687896551
52687896606
52688171654
52688171694
52688171749
52688319060
52688171814
52688319065
52688171839
52687378017
52688171854
52688390708
52687378042
52687378027
52688390703
52687896786
52688390723
52688319105
52687896781
52688390743
52687378067
52688319130
52688171934
52687896816
52688319180
52688319150
52688171999
52687896926
52688390833
52687378237
52688172089
52688172084
52687896946
52688319280
52688390923
52688319260
52688390938
52688172159
52687378327
52688319350
52688319380
52688319450
52687378417
52687897181
52688319485
52687901586
52688395248
52688176574
52687382607
52688395168
52687901311
52687901636
52687382657
52687901366
52687901496
52687901381
52688176469
52687382712
52688323675
52688395268
52688395273
52688323685
52687382762
52687382787
52688395318
52688395383
52688395398
52688323740
52687382877
52687901561
52688395443
52688176614
52688395453
52687382892
52688323825
52688176649
52688176659
52687901606
52688395488
52688176714
52688395493
52688395503
52688176704
52688323840
52688395478
52688323920
52688395578
52688395573
52687383062
52688395583
52687901746
52687901751
52688176749
52687383202
52687905481
52688180034
52688327565
52688327630
52688180079
52688399143
52688180139
52688180184
52688327780
52687905726
52687905891
52688180429
52688180439
52687905961
52688328025
52687905956
52687905966
52687387252
52687906031
52687906006
52688180614
52687387332
52687387342
52687906176
52687906186
52688180694
52687906261
52687906286
52688328270
52687387527
52688180729
52688328140
52688328420
52688399813
52687906091
52687906081
52687387662
52688328515
52687387752
52687387762
52688181074
52688181094
52687906731
52687909751
52688184359
52687909816
52688184374
52687390922
52688403333
52688184419
52687909851
52688184479
52687909861
52688403403
52687391022
52688184494
52688403438
52687909911
52687391062
52687391067
52688184549
52688184559
52688403363
52688403458
52687391077
52687909956
52688403448
52687391102
52687391122
52687910036
52687391152
52688331650
52688403598
52687910071
52688403593
52688184669
52688184759
52687910101
52687910171
52687910166
52688331855
52688184854
52688403793
52688331890
52688331885
52688331905
52688403813
52688403843
52687391427
52687395162
52688407328
52688407258
52688407203
52688335135
52687395072
52688188324
52687395082
52688407293
52688335205
52688188369
52688188374
52687395117
52687913896
52688407368
52688188489
52687913921
52687395242
52687914021
52688407458
52688407478
52688407553
52688335455
52688188829
52688407708
52687395617
52688407788
52688335665
52687914301
52688407698
52688188844
52687395697
52687395737
52688407758
52688335775
52688189149
52688407933
52688189169
52687914521
52687914596
52688407943
52688335845
52688407948
52688335855
52687918816
52688411993
52688411903
52688193309
52688339790
52688411928
52687918686
52688411943
52688411963
52687400007
52688193769
52688412033
52687918846
52688339950
52688193489
52687400092
52687400122
52687918956
52688412138
52688193654
52687400147
52687400167
52687400232
52687400227
52687400252
52687918921
52688193929
52688193949
52688340055
52687919411
52687922771
52687403692
52688343690
52688416028
52688197159
52688416053
52688416068
52688197149
52688416093
52687922826
52687403742
52687922836
52687922846
52688197244
52688197259
52687403782
52688197279
52687403802
52688197274
52688197284
52688197294
52688343840
52688197324
52688197334
52687403817
52688343860
52688343865
52688343855
52688197354
52687403842
52688343885
52687403847
52687403852
52687403857
52687403867
52688197429
52688346345
52687406492
52688418823
52687406462
52688346475
52687925706
52687406652
52688346570
52687406672
52688346580
52687406677
52687406682
52688200189
52688418798
52687406712
52688419033
52688200224
52688419063
52688346660
52688346700
52688419118
52687925891
52687406612
52687925626
52687406802
52688346795
52688200399
52687926016
52688419233
52687406862
52688346960
52688200324
52688347050
52688419343
52687407147
52688200644
52687926286
52688419523
52688419583
52687411342
52688204489
52688423138
52688350670
52687410997
52687410752
52688350845
52688350860
52687930001
52688204429
52688423558
52687411212
52687411227
52687930096
52688351050
52688423683
52688423728
52688204569
52687411367
52688351115
52688204599
52688424218
52688423943
52688423888
52688423373
52688351375
52687411687
52687930576
52688205004
52687411767
52687930741
52688423758
52687411877
52688424393
52687930806
52688424363
52688208574
52688427598
52687934386
52688427588
52687415142
52688427633
52687415212
52687415207
52688354930
52688208624
52688427678
52688208784
52688355085
52687934626
52688427768
52687415337
52688208694
52688208674
52688208664
52687934511
52687415372
52687415237
52688354950
52687934451
52687415217
52688208604
52688427863
52688208824
52688208844
52688208859
52687415472
52688428013
52688427993
52688427733
52688355265
52687934601
52687415552
52688355305
52688209009
52688209024
52688355370
52687415612
52687415637
52688209079
52687935016
52688209189
52688209194
52687420192
52687420212
52688432518
52688432543
52687420237
52688432558
52687939561
52687939551
52688432573
52688214019
52688360370
52688214049
52688360390
52687420357
52688432668
52687939676
52687420392
52688214094
52687939736
52687939746
52688432708
52688214139
52688432723
52687420452
52687939766
52688214174
52687939771
52688214169
52688360500
52687420477
52688214184
52688432763
52688214179
52688360515
52687420472
52688432788
52688432773
52687420482
52688360525
52687939816
52687420497
52687939821
52687420507
52687420537
52688214224
52688432818
52688214244
52688364925
52688364360
52688436918
52688364415
52688364450
52688364460
52687943886
52688437068
52688437063
52688218334
52688437083
52688437088
52687943956
52688218444
52688437133
52687943961
52688437113
52688218489
52688364525
52688437143
52687943931
52687944001
52688218554
52688437053
52687943926
52688218459
52687424742
52687424942
52688218619
52687944071
52688437213
52688218644
52688364675
52687425012
52688364730
52687944151
52688364765
52688218809
52687944211
52687425097
52688437568
52688365070
52688365080
52687944461
52687425437
52688437348
52688218754
52687944581
52688437878
52688222699
52688222679
52687428997
52688222794
52687948376
52688222984
52687429237
52687948636
52687948621
52687429347
52688223134
52688441998
52688223184
52688369295
52688442048
52688442113
52688223344
52687948996
52688223424
52688369505
52688369580
52687429807
52688223664
52688223689
52688223729
52688369755
52688223734
52687429872
52688369825
52688442548
52688369840
52687949296
52688369705
52688370100
52688442748
52687949576
52687430242
52688370245
52688442833
52687949656
52688370330
52688227669
52687433847
52688227594
52688227779
52687953381
52688227729
52687953336
52687953311
52688373995
52688373960
52687433857
52688227629
52687433822
52687953211
52687433827
52688446293
52688446288
52687953241
52688373915
52687953261
52687953271
52687433877
52687953266
52688227684
52688374005
52688374025
52687434007
52687953426
52687434067
52687434102
52688374120
52688374185
52687434222
52687434272
52688228194
52688374420
52687953736
52688228144
52688374730
52688228504
52687434377
52688374805
52688374605
52687434807
52688451128
52688232549
52688451138
52687957776
52688232759
52688232774
52688451263
52687438472
52687957721
52687958031
52688451303
52687438637
52688451363
52687438712
52687438727
52688232904
52688451433
52687438782
52688379045
52687438817
52688233064
52688451583
52688233154
52687439187
52687958581
52687439047
52688451778
52688233514
52687439052
52687958546
52687439032
52687958691
52688452043
52687958296
52687439247
52688451998
52688485568
52688485503
52687473572
52688266584
52687992271
52688413335
52688413300
52688485333
52687992181
52687473262
52688266404
52688266364
52687473197
52688266334
52688266344
52688413120
52688266314
52688266309
52687473112
52688413230
52688413260
52687473452
52687473267
52688266464
52688485518
52687992411
52688266634
52688413450
52688266699
52688266694
52687473677
52688485608
52688485613
52687473627
52688413390
52687992531
52688485183
52687992601
52688485788
52687992191
52688413745
52688485858
52687996711
52687477907
52687996661
52688489868
52688489843
52688418070
52687477832
52688489798
52687996546
52688489773
52688417935
52687477732
52688270959
52687477687
52688270934
52688489638
52688489623
52688489613
52687477642
52688417795
52687477637
52688417790
52688270979
52687477742
52688270834
52688489848
52688489878
52688489733
52688489718
52688270974
52688270949
52687477672
52688417825
52688270894
52688270859
52688271504
52687477622
52688418440
52687478347
52688418800
52687478697
52688490518
52688422450
52688000751
52688275479
52688000616
52688275419
52688275409
52687482197
52688000651
52688422235
52687482187
52687482207
52688494038
52687482252
52688494188
52688000761
52688275464
52687482307
52688275569
52688275644
52687482417
52688422415
52687482392
52688422510
52688422605
52687482617
52688494408
52688422700
52688494488
52688422775
52688276059
52688422875
52688001356
52688276079
52688001411
52688001531
52688423095
52688494888
52688276309
52688001591
52688495158
52687483187
52688280254
52688005516
52687487662
52688005646
52688498913
52687487647
52688280504
52688499168
52688427835
52688499288
52688280709
52688499573
52688428070
52688499518
52687488172
52688006051
52687488107
52688428125
52688006056
52687488132
52688006066
52688499468
52688006071
52687488137
52687488042
52688427990
52688428155
52688427935
52688499208
52688499118
52688427440
52688005711
52688499013
52687487502
52688499423
52688427580
52688280889
52688498908
52688427950
52688005526
52688499608
52688428330
52688281014
52688428290
52687488402
52687492652
52688010751
52688285504
52688503993
52688503983
52687492842
52688432935
52688504038
52688504058
52687492857
52687492897
52688010846
52688504168
52687492952
52688285379
52688010941
52688504238
52688504228
52688433150
52688011076
52688504398
52688285894
52687493242
52688433170
52688011316
52688286099
52688286059
52688504678
52688433595
52687493392
52688286034
52688504783
52688433655
52688286154
52688504338
52687493552
52688289464
52688508078
52688508088
52688508083
52687496852
52688289474
52688015211
52688437310
52688014876
52687497107
52687496952
52687496982
52688508303
52688289719
52688014831
52688015006
52688289759
52688508383
52687497172
52688015021
52688508458
52688508473
52688289879
52688015131
52688508478
52688437350
52688289899
52688508503
52688289934
52688508513
52688015241
52688015256
52688290054
52688437395
52688015346
52688437540
52687497432
52688014836
52688290114
52688290139
52688508713
52688289774
52688437025
52688289459
52687497537
52688437650
52688290234
52687497637
52688437765
52688442735
52688442660
52688442630
52688295404
52687502082
52688295209
52688295204
52688295189
52688020626
52688295324
52688442370
52688513893
52688442360
52687502207
52688513913
52687502122
52688442385
52687502132
52688442395
52688020731
52688442355
52688020796
52688020651
52688514003
52687502257
52688020686
52688295379
52687502317
52687502337
52688442620
52688295424
52688514063
52688295409
52688514083
52687502382
52687502407
52688514103
52688020961
52688295499
52688295534
52687502472
52688295609
52688442770
52687502512
52688514258
52688514338
52687502627
52688295689
52688025476
52688300004
52688300064
52688519233
52688519248
52688300219
52688025701
52688447690
52688300249
52688519298
52688300044
52688025546
52688025526
52688300009
52688519378
52687507387
52688299974
52688025846
52688447365
52688447860
52688447930
52687507877
52688026116
52688026206
52688300464
52688300404
52687508062
52688026296
52688448245
52688448230
52688519863
52688300779
52687508227
52687507822
52687508307
52688026501
52688520103
52688448475
52688026326
52688519853
52688448590
52688520203
52688451905
52688451915
52688451930
52688451940
52687512127
52688451970
52688030191
52688451920
52688523553
52688030166
52688030416
52688030476
52688030446
52688030526
52688304384
52687512387
52687512407
52688304414
52688452385
52688452215
52688452390
52687512632
52688524053
52688452260
52688304259
52688030831
52688304099
52688524018
52688524253
52688452600
52688452625
52688452605
52688452640
52688452655
52687512747
52688524308
52688452645
52688030976
52688524353
52688030981
52688452665
52688304794
52687512797
52687512712
52688452145
52688524413
52688304869
52688031131
52688528488
52687517087
52688528558
52688309229
52687517127
52688456875
52688456890
52687517202
52687517252
52687517272
52688309349
52687517307
52687517302
52687517222
52688528713
52688528723
52688457000
52687517312
52688309364
52688035636
52688035701
52688035716
52687517447
52687517427
52688457235
52688528933
52688035891
52688528883
52688035961
52688457395
52688309749
52688036051
52688457480
52688529088
52687517677
52688457540
52688456940
52688457570
52688036211
52688309904
52688309299
52688456900
52688309914
52688457130
52688314054
52688533518
52688040186
52688533478
52688533438
52688533378
52688313869
52688313849
52688040046
52687521522
52687521527
52687521547
52687521572
52688314019
52687521737
52688461875
52687521787
52688462045
52688533648
52687521822
52688314264
52687521867
52687521922
52688314309
52688314324
52688533773
52688314384
52688462215
52688314434
52688314439
52688461980
52688314464
52688314529
52688314594
52687522192
52688462420
52688534068
52688462455
52687522332
52688314814
52688040866
52688534298
52688534288
52688314919
52688540488
52688046691
52688468220
52688046646
52688468170
52688046561
52688046541
52688468110
52688046461
52688046431
52688320914
52688320824
52688320699
52688046381
52687528297
52687528332
52687528347
52688540493
52688320874
52688468390
52688468465
52688046931
52688468590
52688321214
52688047041
52688321264
52688321294
52688321269
52687528827
52688468705
52688540973
52688321334
52688321374
52688047086
52688321379
52687528887
52688047131
52688468965
52687529077
52688321599
52688326039
52688325964
52688545728
52688051701
52688454655
52688525693
52688031766
52688524633
52688524003
52688304179
52688051761
52688026261
52687507107
52687506517
52688024006
52688517128
52688473675
52688297959
52688022211
52688514613
52688546008
52688051856
52688473540
52688051186
52688051536
52688545438
52687532802
52688051066
52688544648
52688324729
52688050346
52688473855
52687531767
52688324094
52688326369
52687531357
52687531192
52688049331
52688543298
52688052071
52688474025
52688546113
52688052201
52688551838
52688479105
52688057181
52688332189
52688332154
52688057576
52687539087
52687539057
52688332039
52688551728
52688479110
52688551688
52688331964
52688331939
52688331899
52688551338
52688057156
52687538612
52688331859
52688331844
52688057256
52688551428
52688057271
52688057191
52688057171
52688551318
52688478890
52687538827
52688479005
52688057406
52687538857
52688551743
52687538572
52688057516
52688057546
52687539137
52688057621
52688551793
52688057596
52687539112
52688057486
52688331919
52688479200
52688057586
52688551753
52688551878
52687539232
52688332289
52688057796
52688484555
52688062721
52688484580
52688484660
52688337714
52688337769
52688484770
52688484760
52688484835
52688557238
52688063006
52688484900
52688063036
52687544817
52688338109
52688338134
52688557363
52688337999
52688337979
52688063061
52688557263
52687545127
52688062996
52688485360
52687544737
52688557198
52688485395
52688485440
52688338254
52688063291
52687545037
52688485145
52688557493
52688063336
52688485480
52687545082
52688557513
52688485180
52688485620
52688485695
52688557948
52688063716
52688485795
52688343439
52688068506
52687549912
52688068656
52687549917
52688490675
52688490720
52688562628
52688068806
52688068846
52688490930
52688562818
52688490960
52688562903
52688562838
52688069086
52687550367
52688344059
52688069201
52688563053
52688069236
52688563138
52688344169
52688344209
52688563193
52688344249
52688069391
52688344349
52688563318
52688068686
52688563333
52688562918
52688490425
52688491425
52687550677
52688069451
52688490745
52688068726
52688069601
52688491530
52688562553
52688491760
52688491840
52688570088
52688497990
52687557372
52688076341
52687557422
52688498100
52687557437
52688351439
52688076406
52688570373
52688351494
52688498190
52688351479
52688351509
52687557512
52688570413
52688076516
52688498255
52687557547
52688076436
52688498265
52688570438
52687557477
52688498280
52688498300
52688498305
52688498295
52688076606
52688351669
52687557687
52688076666
52688570568
52688498375
52688498390
52688076691
52688498415
52688076731
52688076736
52688570643
52688570648
52688351789
52688076796
52688570673
52688351804
52688570173
52688351544
52688570758
52688503430
52688081851
52688081806
52688356984
52688081746
52688356959
52687562772
52688503350
52688356989
52687562787
52688357004
52688357024
52687562822
52687562827
52688575483
52688081876
52688575533
52688503465
52688575573
52688357089
52688081991
52688575598
52688503525
52688357284
52688357294
52688503360
52687563132
52688575758
52688503705
52688503330
52688575403
52688357504
52688503810
52688357544
52688503840
52688503885
52688082351
52688082376
52688357639
52688357634
52687563417
52688503945
52688357684
52688082456
52688357769
52688580418
52688086766
52688361874
52688580153
52688580103
52688361829
52688580193
52688361929
52687567547
52688086781
52688580368
52688086851
52688580413
52688580438
52688362054
52687567727
52688508630
52688508680
52687567517
52687567852
52688086976
52688580548
52688508865
52688362209
52688086971
52688580523
52687567617
52688580493
52688362024
52688580793
52688508960
52688087326
52688580848
52688580488
52688361959
52688087371
52688087351
52688087091
52687567762
52688509055
52688580938
52688580953
52688580948
52687567922
52688362439
52688509165
52688087581
52688091851
52688513475
52688513460
52688366994
52688091876
52688585378
52688367054
52687572742
52688585403
52687572777
52688513660
52687572827
52688585423
52688585518
52688367209
52688513710
52688585528
52688585538
52688092141
52688367234
52688513765
52688367249
52688092216
52688366984
52687572922
52688367184
52687572772
52688513550
52687573102
52688367379
52688513890
52688367429
52688514000
52688585823
52687573287
52688367519
52688092516
52688092526
52688514165
52687573362
52688514210
52688092591
52688092431
52687573437
52688586053
52688092681
52688097771
52688519440
52688591023
52688097846
52688591093
52688519540
52688519545
52688591123
52688372619
52688372594
52688519625
52688519640
52688519685
52687578657
52688098021
52688097761
52688372744
52688519760
52687578757
52688591273
52688519795
52688591263
52688519820
52688372859
52688372919
52688519985
52688591428
52688098296
52688591468
52688098026
52688591508
52688372564
52687579052
52688591538
52688591558
52688098386
52688373064
52688098381
52688519670
52688373139
52687578897
52688098436
52687584457
52688103531
52688597053
52687584487
52688597043
52688103526
52688103536
52688525550
52687584502
52687584507
52688103571
52688103566
52688103586
52688103561
52687584527
52688525570
52688525565
52688103596
52688525575
52688378439
52687584512
52688597083
52687584537
52688525595
52688525600
52688378449
52688525615
52687584582
52688597148
52688597178
52688103721
52687584612
52688378624
52688103786
52688597258
52687584752
52688103841
52688525820
52688597333
52688103896
52688525890
52688103946
52687589927
52687589937
52688530765
52688383494
52688530815
52688383549
52688383584
52687589977
52688108771
52688108806
52688602178
52688530840
52688530850
52688602163
52688530865
52688383559
52687590037
52688383474
52687590062
52688530940
52688108871
52688602278
52688602308
52688531010
52688602318
52688108961
52687590142
52688531065
52688383814
52688383854
52688531095
52688383874
52688383894
52688602423
52688383964
52687590342
52688602183
52688109146
52688384024
52688109151
52688602518
52688531325
52688531335
52688602338
52688531405
52688384144
52688607158
52688536065
52688607218
52688607223
52687595002
52688113941
52687594992
52688536115
52687595022
52688388464
52688388514
52688114126
52688536220
52688607398
52688388619
52687595252
52687595247
52688114261
52688388699
52688388704
52688114281
52688536330
52688536335
52687595277
52688114171
52688388714
52687595312
52688388744
52688388764
52688116966
52688610268
52687597912
52688391494
52687597932
52688610333
52688610353
52688539155
52688391609
52687598087
52688610533
52688610543
52688117251
52688391709
52688610553
52688610493
52688610683
52687598192
52687598267
52688117426
52688391824
52687598212
52688539355
52688610633
52688391819
52687598227
52688391804
52688391789
52688539350
52688610593
52688610568
52687598182
52688539480
52687598167
52688391699
52687598277
52688391654
52688117491
52688117506
52688391964
52687598407
52687597882
52688610883
52688539695
52687598482
52687602127
52687602132
52688395899
52687602292
52688614383
52687602367
52688614578
52688614523
52688543510
52688395364
52688120921
52688121511
52688614403
52688613988
52688543585
52688121401
52688395614
52688614593
52687602197
52688395539
52688121696
52688614453
52688614728
52688614703
52688396154
52687602577
52688543795
52687602622
52688396189
52688543815
52688543810
52688396199
52688121741
52688543895
52688614498
52688121936
52688614883
52687602807
52688121996
52688121691
52688396564
52688548620
52688548570
52688619258
52688618818
52688619238
52688618828
52688619208
52688400914
52688400924
52687607092
52688401229
52687607057
52688401139
52688401114
52688400974
52687606967
52688401074
52688619028
52688401054
52687606842
52688548235
52688548270
52688126321
52688618893
52688618878
52688618838
52688548305
52687606687
52688618978
52688400959
52688400884
52688126536
52688126556
52688401294
52688126596
52688619303
52688401349
52687607207
52688619253
52687607382
52687607357
52687607392
52688619538
52687607452
52687612057
52687612052
52688131566
52688553720
52688406289
52688553680
52688131511
52688623988
52688623983
52688553750
52688624148
52687612147
52688624203
52688406454
52688553890
52688131751
52688406534
52688553975
52688406584
52688553970
52688624283
52687612307
52687612272
52688406539
52687612157
52688406479
52688406634
52688624353
52688406459
52688131696
52688553860
52687612162
52688131691
52688406724
52688554110
52688554155
52688624458
52688131966
52688624188
52688132051
52688406844
52688132061
52688624543
52688554305
52688629518
52688411489
52687617042
52688629603
52688411494
52687617122
52688559150
52687617182
52688559165
52687617227
52687617197
52688411644
52688137036
52688629783
52688559250
52687617252
52687617277
52687617297
52688629793
52688137201
52688629878
52688411854
52687617302
52688412059
52688137341
52688137306
52688629923
52688137391
52688137396
52688137206
52688629858
52688137126
52688559010
52687620272
52688562240
52688415024
52688414999
52687620407
52687620332
52688140101
52687620452
52688140121
52687620502
52688140206
52688633053
52688562475
52688415229
52687620572
52688562580
52688415384
52688633193
52687620632
52687620667
52688415504
52688633343
52687620717
52688415359
52688415554
52688415534
52688415154
52688415564
52688415559
52687620587
52688140236
52688633313
52688140536
52688562855
52688415694
52688415689
52688415459
52687620852
52688633453
52688415714
52688562885
52688633473
52688562915
52688633508
52688633533
52688145091
52688420374
52688638158
52688145136
52688638228
52687625627
52687625642
52688420424
52688145201
52688145211
52688145226
52688420474
52688420464
52688638263
52688638288
52688145251
52688567625
52688567635
52688420524
52688567645
52688420534
52688567655
52688145306
52688638323
52688638343
52688567670
52688145331
52688638393
52688638403
52688145381
52688567720
52688145371
52688567715
52687625752
52688145396
52688145406
52688145436
52687625817
52688420694
52688145476
52688567835
52687625897
52688145581
52687629852
52688149896
52688572340
52688642973
52687629882
52688149951
52688149971
52688150006
52688643028
52688572415
52688572420
52688572425
52687629997
52687630002
52688643058
52688150061
52688642643
52688425054
52688643103
52688150076
52688425069
52688150081
52688643098
52688572470
52688150096
52688150116
52687630097
52688425079
52688150101
52687630112
52687629967
52688150156
52688150141
52687630132
52687630137
52688425154
52688643143
52688643148
52688150181
52687630142
52688150206
52687630152
52688572595
52688150201
52688150211
52688150091
52688572605
52687630167
52688150231
52687627952
52688646533
52688575755
52688428539
52687633732
52687633802
52688575880
52688575920
52688428729
52688428739
52688575990
52688153801
52688428834
52688428914
52688428944
52688429084
52688576260
52688154126
52687634177
52687634192
52688154171
52687634222
52688429279
52688576360
52687634247
52688154271
52688154241
52687634282
52688576410
52688429374
52688647263
52688647258
52688154441
52688576525
52688647318
52688154516
52687634517
52687634537
52688429584
52687634567
52688647413
52688154646
52687634612
52688576725
52688154711
52687634657
52687634697
52688576820
52687638937
52688651313
52688433429
52688651328
52687639142
52688580885
52688580820
52688158921
52688651468
52688580960
52688651423
52688158786
52688158936
52688580840
52687639172
52688433474
52688433494
52687639542
52688433839
52688651768
52688159261
52688433889
52688651848
52687639627
52687639632
52688159316
52687639642
52687639677
52688433924
52688581335
52687639702
52688581075
52688159401
52688651923
52687639737
52687639092
52688652018
52688159436
52688433989
52688438564
52687644412
52688586070
52688585990
52687644267
52688656373
52688656333
52688164056
52688164066
52688586015
52688586130
52688585880
52688438809
52688438879
52688656683
52688164446
52688656748
52688586295
52687644592
52687644622
52688586320
52688164501
52687644627
52688164521
52688164536
52687644682
52687644707
52687644697
52688656843
52687644702
52688164481
52688656863
52688164596
52687644397
52688164651
52688439214
52688657053
52688657068
52688586275
52687644607
52687644802
52688164966
52688439004
52688165011
52688439454
