52673721727
52674509144
52674508719
52674721933
52674219296
52673718777
52674715268
52674511629
52674511634
52673723287
52674503619
52674650290
52674722843
52674219331
52674715538
52674211516
52674211346
52674722888
52674722918
52674511329
52674219481
52674219476
52674659315
52674511714
52674218681
52674219501
52674511849
52674511909
52674659455
52674723053
52673723577
52673723652
52673723662
52674723088
52674660035
52674660010
52674220201
52674659990
52674659950
52674659875
52674723473
52674659800
52674659755
52674659700
52673723942
52673724032
52674219956
52674723493
52674659830
52674220071
52674723548
52674659925
52674220111
52673724122
52674659995
52673724147
52674220211
52674512479
52674660090
52674660105
52674220401
52674220391
52674220406
52674512599
52674723843
52674512609
52674220321
52674723733
52674660070
52673724197
52674660215
52674220551
52674220581
52674220566
52674512739
52674723828
52674220656
52674512754
52674220651
52674512669
52674220806
52674660480
52674724278
52674513184
52674513249
52674724318
52674660675
52674660710
52673724932
52674724383
52674513349
52674513384
52674660820
52674660840
52674660845
52674513399
52674660630
52674724543
52673725087
52674724503
52673725122
52674724553
52674221351
52674661075
52673725337
52674660515
52674661220
52674513164
52674221651
52674221176
52674724508
52674221536
52673725392
52673725437
52674660520
52674724043
52674724933
52674513884
52674724918
52673725542
52674513909
52674661400
52674660440
52674661130
52673725477
52674514489
52673725982
52674725323
52674725353
52674661805
52674725368
52674725388
52674725553
52674661945
52674514639
52673726337
52674725903
52674222591
52673726497
52674222631
52674662450
52674726048
52674222561
52674514709
52674725663
52674725543
52674222101
52674661755
52674662535
52673726717
52674514339
52674222971
52674662780
52674726368
52674514759
52674222366
52674223166
52674223171
52674725868
52674515634
52673727102
52674663155
52674223436
52674663200
52674727348
52674663610
52674727138
52674223546
52674726823
52674726998
52674515904
52673727492
52674515889
52674663295
52674223866
52674727133
52674727043
52674663450
52674663550
52674727158
52673727762
52674516294
52674516314
52674224091
52674224106
52674224126
52673728062
52673728052
52674516004
52674224246
52674224251
52674663520
52673727552
52674223721
52674663420
52674727553
52673728097
52674224341
52674664020
52673728217
52674727658
52674224406
52674224441
52673728257
52674224286
52674516824
52674517544
52673728877
52673728862
52674728328
52674225041
52674225026
52674664720
52674224986
52674664705
52674517359
52674728258
52674225031
52674728293
52674517449
52673728857
52674664855
52674664850
52674664880
52674517594
52674728448
52673728972
52674728483
52674517634
52674664940
52674664925
52674728543
52674664960
52674517654
52674728528
52674225176
52674664970
52673729032
52674728548
52674225181
52674225186
52674517719
52674665010
52674517754
52673729057
52674517829
52674517849
52674517854
52674225346
52674728698
52674665150
52674517899
52673729182
52674517884
52674728793
52673729922
52674225946
52674225941
52673729942
52674518629
52674729288
52674665910
52674665930
52674225971
52673729952
52674729293
52674518639
52673729977
52674665960
52674665905
52674226051
52674666025
52674729388
52673730017
52674729403
52674518754
52674729448
52673730052
52674518779
52674666095
52674226081
52674518789
52674226131
52674226201
52674729523
52674666130
52674226186
52674226221
52674729553
52674666135
52674226191
52674518839
52674666170
52674226231
52674226251
52673730212
52674729603
52673730137
52674518819
52674666125
52674518909
52673731037
52674666675
52674519154
52674226626
52674226636
52674666575
52673730597
52674519239
52673730672
52674666700
52674666725
52674730123
52674226816
52674730163
52674730168
52674519364
52674666795
52674666800
52674519439
52674666855
52674666880
52674519249
52674666915
52674666645
52674519534
52674730348
52674730373
52674226986
52674730048
52674227031
52673731002
52674227066
52673731017
52674519394
52674519279
52674519604
52674730468
52674667115
52674730503
52674730513
52674227191
52674519674
52673731227
52674227241
52674667255
52674668095
52673732017
52674668005
52674227886
52673731822
52674520209
52674520154
52674731023
52673731572
52673731597
52674667730
52674520084
52674227736
52674667760
52674227756
52674227771
52674731078
52673731737
52673731757
52673731767
52674667875
52673731837
52674520299
52674667925
52673731882
52673731887
52674731303
52674668000
52674520379
52674520409
52674668035
52673732047
52674520484
52674520529
52674228091
52674668110
52674520664
52674520674
52674228196
52674731638
52673732252
52674668165
52674520564
52674520709
52674228081
52674731513
52674668815
52674228586
52673732662
52674668545
52674228596
52674668715
52673732867
52673732902
52674732403
52674732383
52674732408
52673732922
52674668765
52673732932
52674228761
52674668785
52674228766
52674228621
52674228851
52674668880
52673732962
52674732498
52674228906
52674732598
52674521449
52674668770
52673732742
52674669015
52674521564
52674229136
52674521644
52674229171
52674229201
52674521664
52674229206
52674669185
52673733352
52674669150
52674732663
52674228876
52674732453
52674229551
52674522509
52673734102
52674522504
52674670050
52674733748
52674522564
52674522599
52674670070
52674230271
52673734227
52673734247
52674522709
52673734212
52674522639
52674230316
52674522744
52673734197
52674733793
52674522614
52673734302
52674230246
52674670225
52674733948
52674230371
52674230356
52674230351
52674670245
52673734382
52673734397
52674522949
52674670420
52674670465
52674734173
52674734183
52674523009
52674734218
52674230651
52674230661
52674523049
52674523019
52674522699
52673734562
52673734592
52673734532
52674734308
52674230736
52674230761
52673734727
52674523294
52674523324
52674734538
52674670645
52674230781
52673734672
52674230956
52674523434
52674523449
52674734733
52674231046
52674734793
52674734863
52674671210
52674671235
52674523774
52674231206
52673735157
52674735183
52673735047
52673735487
52674524049
52674671715
52674671725
52674524109
52674231621
52674671820
52674231731
52674231581
52673735297
52674231421
52674671400
52674231331
52674671945
52674735478
52673735372
52674231531
52674735618
52674232056
52674232991
52674525539
52674233321
52674673570
52674673560
52674673525
52674673500
52674233226
52674525574
52674525634
52674525644
52674233196
52674737063
52673737067
52674673465
52674673490
52674737123
52674737133
52674233111
52674737183
52674673325
52674525624
52674525599
52673737297
52674525789
52674525649
52674673690
52673737417
52674737478
52674233676
52673737582
52674674045
52673737587
52674737638
52674526219
52674737643
52674233711
52674674070
52673737607
52674737668
52674674100
52674737673
52674737663
52674674050
52674674110
52674674135
52674233801
52674674140
52674738138
52674674705
52674738493
52673738212
52674738428
52673738242
52674234396
52674674725
52674526874
52674526829
52674674605
52674674820
52674738233
52674738418
52674526989
52673738332
52674527024
52673738102
52674674915
52674674865
52674674815
52674674930
52674738293
52674674645
52674526884
52674234401
52674234286
52674738178
52674738703
52674674480
52673738602
52674527299
52674738778
52674738618
52674675265
52673738807
52674738983
52674675335
52674235031
52674739118
52674235056
52673739047
52674675590
52674527849
52674675630
52674528189
52674676160
52674235721
52674235791
52674235851
52674676480
52674676465
52674528464
52674528404
52673739647
52674676280
52674235766
52674740053
52673739782
52674236031
52674528439
52674528609
52674236126
52674236191
52674236221
52673740152
52674676785
52674528774
52674236286
52674676815
52674236366
52674528949
52674676955
52674740658
52674236626
52674236621
52674677115
52673740617
52674236636
52673740657
52674740728
52674529284
52674740858
52674740853
52674677425
52673741682
52674530134
52674237636
52674530124
52673741652
52674530169
52674741733
52673741742
52674530234
52674530284
52674530729
52673741892
52674237916
52674741938
52674530359
52673741937
52673741797
52674678530
52674237921
52674742138
52674678680
52674742163
52674742178
52673742157
52674742248
52674678760
52674678755
52674678260
52674742288
52674238156
52674530784
52674238206
52673742387
52674530844
52674237621
52674678975
52674679030
52674531094
52674679140
52674238436
52673742657
52674531109
52674679205
52674531199
52674742738
52674742743
52674531239
52673742807
52674240121
52673744047
52674680710
52674744078
52673744052
52674532734
52674532749
52674532779
52673744072
52674680745
52674532844
52673744107
52674680760
52674680830
52674680935
52674532989
52673744367
52674681095
52674533129
52673744527
52674681155
52674533284
52674681215
52674240586
52674744708
52674744598
52673744482
52674681250
52673744317
52674680845
52674240751
52674533539
52674533554
52674533584
52674239606
52674241696
52673745857
52673743542
52674239476
52674682390
52673745507
52674239421
52674682140
52673745912
52674241751
52674534684
52674682540
52674746028
52674682595
52674745478
52674682615
52674534829
52674534854
52674746113
52674680405
52674534909
52673746137
52674746168
52674241916
52674241921
52674533754
52673746172
52673746202
52674682735
52674242021
52673746267
52674240901
52674746348
52674242031
52674242046
52674242056
52674681795
52674746413
52674682925
52674747298
52674243031
52674243051
52674683970
52674243196
52673747542
52674536094
52674536114
52674747633
52673747617
52673747637
52674536104
52673747532
52674536184
52673747522
52674683955
52674747448
52674683815
52674243371
52674243471
52674536469
52674747888
52674748033
52674243711
52674684555
52674747958
52674748118
52674243831
52673748062
52674243636
52674684415
52674747828
52673748347
52674536399
52674244011
52674536599
52674684230
52674684835
52674747918
52674243226
52673748527
52674685560
52674685595
52674244621
52674748983
52673749007
52674748998
52673749047
52673748957
52674685710
52674244716
52673749137
52673749162
52674685745
52674749153
52674244831
52674244901
52674685850
52674749198
52674749118
52673749302
52674749258
52674538024
52674538039
52674538089
52674538114
52674686015
52674686050
52674538224
52674686125
52674749468
52674749143
52674538294
52674686220
52673749472
52674686270
52673749637
52674245256
52673749737
52674245331
52674749688
52674686540
52674895015
52674456471
52674958448
52674958483
52674958473
52673956832
52674456591
52674456611
52674746524
52673956927
52674958583
52674895215
52674456661
52674456681
52674958663
52674958668
52674456726
52674456731
52674456746
52674456751
52673957087
52674746669
52674958683
52674895300
52674895305
52674958673
52674895385
52674456841
52674895445
52673957212
52674456866
52674958623
52674746799
52674958833
52674895500
52674456926
52674895120
52673957352
52674895590
52674457021
52673957437
52674746899
52674457066
52674457091
52673957502
52674747859
52674747909
52674896405
52674959708
52674896420
52674457981
52673958272
52674959828
52673958282
52674959818
52674959843
52674457996
52674748009
52674458061
52673958417
52673958287
52674748054
52674959913
52674458106
52674457886
52674458181
52674896610
52674748119
52674896635
52674748124
52673958502
52674748154
52674748189
52673958572
52673958577
52674960038
52674960053
52673958627
52673958672
52674960078
52674458321
52673958742
52674458251
52674896645
52674458386
52674748339
52673958772
52674960128
52673958327
52673958787
52674458456
52674896880
52674961198
52674459466
52674459641
52674459591
52674749539
52674749444
52674897990
52673959832
52674459441
52674897945
52674961218
52674898095
52674749519
52674898115
52674459556
52674749544
52674961383
52674961418
52674459651
52674898310
52674749704
52674749414
52673960192
52674898380
52674961558
52674749764
52674898340
52674459906
52674459896
52674961638
52674961643
52674749889
52674749879
52674961648
52674749904
52673960292
52673960307
52674749729
52674898540
52674961708
52674459971
52673960367
52674749744
52674898590
52673960422
52673960447
52674961773
52675089300
52674652821
52675154458
52675154408
52674943539
52675154358
52674943484
52674151847
52675089420
52674652626
52675089345
52674151752
52675089290
52675154123
52675089195
52675089280
52675154133
52674652561
52674151782
52675154283
52674652491
52675089695
52674943744
52674943804
52675154653
52675089785
52675154498
52674152607
52674943719
52674652551
52674943589
52675154418
52674944254
52674943524
52674652896
52675154508
52674944309
52674946999
52674656221
52675093120
52675093180
52675158048
52674947179
52674155307
52674656341
52674155252
52674947164
52674155342
52675158113
52675093220
52674155227
52674155217
52675093095
52674656236
52674947384
52674155302
52674155447
52675093000
52674947569
52674656761
52675158418
52674656896
52674656891
52674155817
52674155827
52675158563
52675158633
52675093850
52674155937
52674947904
52675158693
52674658606
52675095495
52674949669
52675095440
52675160513
52675095700
52675095960
52675095850
52675095770
52674659136
52674157692
52675095955
52674658621
52675096000
52674658746
52675096005
52674157602
52674950354
52675161108
52675161103
52674158412
52675161138
52675096530
52675161363
52674659746
52675096595
52674950544
52674659931
52675160428
52675161238
52674950904
52674158317
52674158042
52675098635
52674662111
52675163348
52674160837
52674160762
52674160922
52674662021
52674662196
52674160927
52675163438
52674662266
52675163498
52674160977
52674953079
52674662296
52675098945
52674953189
52675098995
52674662436
52674953274
52675098950
52674662561
52675163773
52675099180
52674161222
52675099190
52675099195
52674160702
52675099240
52674662046
52675099335
52674662676
52675163903
52675099305
52674161472
52675099470
52674953589
52674955679
52674163287
52674955734
52674163292
52674955789
52674664731
52674163387
52674955804
52675165988
52674955784
52674163382
52674163347
52674955919
52674163452
52674955909
52674664611
52675101525
52674664816
52674955934
52674163512
52674664886
52675101590
52675166143
52674163487
52674956069
52675166203
52675101665
52674163532
52675101710
52675101740
52675166318
52674163757
52674956309
52674956279
52674163817
52675166053
52674163887
52675166458
52674163282
52674665191
52674664811
52674956419
52674956424
52675354793
52674350927
52675144929
52675354828
52674350857
52674350872
52675144884
52674855991
52675291095
52675355023
52675291110
52674351017
52675291145
52675354958
52675291160
52675291195
52675354833
52675145114
52675355118
52675145164
52675291335
52675355173
52675145204
52675145244
52674856281
52675145094
52674856326
52674856336
52675291470
52675355303
52674856371
52674351277
52675355128
52674856401
52675355348
52675145389
52675145399
52675291560
52675145409
52675291590
52675355463
52675355458
52675355508
52675355533
52675145519
52674856636
52674856646
52675355543
52674355087
52675295125
52674355027
52674860206
52674860171
52675358903
52675149039
52674860071
52674354907
52674354852
52674354847
52674354887
52675294930
52675294945
52675294960
52675149059
52675149144
52674354927
52675358938
52675295150
52675149209
52675295205
52674860346
52674860236
52674355177
52674860426
52674355232
52675295395
52675359253
52675295440
52675359363
52675149619
52675149629
52675359078
52675358918
52675359373
52675149604
52674860471
52675359408
52674355362
52675149729
52675359478
52674355522
52675362878
52675362868
52674863906
52675298830
52674863931
52675152949
52674863976
52675362933
52675362973
52674863996
52675152989
52675153014
52675298950
52674359037
52675153039
52675298995
52674359027
52675299050
52674359072
52675299040
52674359102
52674864161
52675153144
52675299120
52674359207
52675363153
52675299130
52675363178
52675299180
52675153214
52675363208
52674359257
52675299190
52674359277
52675299230
52675363218
52674864306
52674864361
52674359352
52675363318
52675363358
52674359407
52674864436
52674359462
52675153514
52675363408
52674359477
52675156389
52674867426
52675366508
52675156489
52674362412
52675302530
52674362467
52675156409
52674362507
52675156359
52675156314
52675156614
52675366683
52675302655
52675302685
52675366808
52675366838
52675302765
52675302770
52675156769
52674362692
52675302895
52675156869
52675366983
52674867941
52675156949
52674867806
52675366823
52675303035
52675367093
52675156664
52674867646
52675156629
52674362947
52674867566
52675366583
52674362967
52674868106
52674868091
52675156609
52675303260
52674363087
52674868221
52675303305
52675303115
52675157084
52675306760
52675306680
52675160219
52674366037
52674366067
52675370438
52675160044
52675306360
52675370483
52675306450
52675370523
52675370468
52675306530
52675370583
52674366052
52675306575
52675370643
52674366147
52674366262
52674871491
52675370723
52674871281
52675370753
52674366357
52674366332
52675370773
52675370778
52674871641
52675370898
52675306850
52675370983
52674366482
52674871711
52674366577
52674871856
52674366627
52674871911
52675371148
52674872016
52674366747
52675160994
52675310260
52675309960
52675374108
52675163914
52675374113
52675309985
52675163944
52674369862
52675309965
52675309980
52674369907
52674369927
52675374133
52675374198
52674875326
52675164124
52675310140
52675310105
52674875226
52675374313
52675164169
52675164104
52675164219
52675310335
52675310380
52674370262
52675310300
52675374528
52675374293
52674875766
52675164484
52674370497
52675310720
52674877761
52675312475
52675166204
52675376563
52674372272
52674877551
52674877641
52674372407
52674877651
52675376673
52674372487
52674877766
52675166269
52675312560
52675312635
52674372577
52675312650
52674877951
52674877946
52675312680
52675312730
52675312725
52675166539
52675312745
52675312760
52675376858
52674877991
52675312885
52674372737
52675376948
52674878021
52675312820
52674372687
52675312530
52674878096
52674372872
52675312945
52675377143
52675312995
52674878186
52675377183
52674372967
52675166834
52674373032
52675377253
52675166879
52675166899
52675380248
52675316280
52674376267
52675316355
52674376292
52674376347
52674376352
52674881596
52675170154
52675380283
52675380468
52674376452
52675380493
52675316540
52675170249
52674376697
52675380523
52675170219
52675170014
52674881781
52675170309
52675380563
52675170344
52674881851
52675170364
52674881876
52675380663
52674376712
52674881906
52674881941
52675316770
52674376757
52675380683
52675316755
52674881966
52675170459
52675170464
52675170449
52674376812
52674376792
52674882001
52675380743
52674376752
52675380803
52674882101
52675170664
52675174224
52675384333
52675320510
52674885616
52675384378
52675174279
52674380577
52675320610
52675320585
52675174434
52675320705
52675174499
52674380737
52675320785
52674885886
52674885916
52675384748
52674885906
52674885971
52674380952
52674380957
52674380992
52674380982
52675384858
52674381062
52675174749
52674886051
52675174794
52675384918
52674886126
52674886116
52674886166
52674886136
52674381122
52675174804
52675321025
52674886201
52675385008
52674381142
52674381042
52674886016
52674381197
52675385083
52674381257
52675321145
52675174974
52675320615
52675175154
52674890626
52675325425
52675325505
52675325480
52675325470
52675325510
52675389633
52674385642
52675179459
52674385727
52674385747
52675389738
52674890866
52674385802
52674890841
52675389823
52674890941
52675389813
52674385827
52675389798
52675179729
52675179804
52674890986
52674890971
52674890966
52675325775
52674891016
52675179819
52675325815
52675389923
52674385922
52675179879
52675389953
52675325830
52674891096
52675325855
52675179949
52675390073
52674891221
52674891261
52675325955
52675390133
52675390143
52675390068
52674386162
52675394493
52675330155
52674390587
52674390602
52674895561
52675184439
52674895546
52674390572
52674895571
52674895576
52674895541
52674390592
52675184474
52674390632
52675184459
52675394503
52675184534
52675394518
52675184539
52674895651
52674895641
52675330270
52675394578
52675184594
52675394638
52675184639
52675394663
52675394728
52675330445
52675394733
52675184719
52675330200
52675330480
52675394743
52674390887
