52677559037
52678069871
52677558912
52678069811
52678069796
52677558917
52678357674
52678357724
52677559032
52677559157
52678507660
52677559212
52678568398
52678357609
52678357809
52678357814
52678507875
52678070056
52678070081
52678357839
52678568538
52677559307
52678357944
52678568608
52678508030
52678568643
52678357999
52678069906
52678507840
52678358014
52678508130
52677559442
52678508185
52678508235
52678357929
52678568823
52678568838
52678069721
52677559582
52678070461
52677559292
52678358234
52677559257
52678357894
52678508335
52678357874
52678358404
52678070706
52678070751
52678358604
52678569288
52678508505
52678358574
52677559962
52678569303
52678569348
52677560007
52677560027
52678358389
52678358729
52678508765
52678358369
52678358744
52678569508
52678358784
52678569413
52678569568
52677560242
52677560072
52678569363
52678569598
52678358834
52678569333
52678508650
52678358579
52677560307
52678358549
52678358394
52678508515
52678509035
52678569708
52678071186
52678071171
52678569133
52678071196
52678509070
52678071191
52678509120
52678359104
52678070921
52678071316
52678509195
52678071346
52677560497
52678359249
52677560592
52678359344
52678509415
52678509390
52678071596
52678570118
52678570113
52677560787
52678570283
52678570103
52678359404
52678570028
52678071806
52677560622
52678359284
52678569948
52678570318
52677560537
52678359209
52678570358
52678359194
52678359259
52678359174
52678509175
52678569838
52677560542
52678509805
52678570523
52678071726
52678359934
52678570628
52678570478
52678570473
52678570423
52677561192
52678360009
52678570603
52678360039
52678510080
52678360369
52678360449
52677561672
52678360424
52678510480
52678571243
52677561662
52678072571
52678571218
52678510440
52678571193
52678360374
52677561642
52678571178
52678571168
52678571163
52678072526
52677561597
52678360399
52678571308
52678571338
52678571173
52678571663
52678072941
52678360739
52678571738
52678571718
52677562187
52678072966
52678571688
52677562197
52678571843
52677561927
52677562342
52678571313
52677562357
52678360674
52678073196
52677562522
52677561832
52678073436
52678361134
52677561932
52678789063
52678789028
52678579019
52677780867
52678728880
52678578869
52678578819
52678293146
52677780662
52678293226
52677780707
52677780742
52678728705
52677780827
52678293411
52678578974
52678729030
52678788893
52678788953
52677780997
52677780967
52678579234
52678293736
52677780952
52678788723
52678729350
52678728785
52678788683
52678293291
52678578834
52678728770
52678789258
52678789278
52678729420
52678729485
52678789363
52678293911
52678789418
52678789433
52677781502
52678579379
52677781692
52678730495
52678730490
52678294881
52678580404
52678294931
52678790283
52677782462
52678580574
52678790398
52678580559
52678790378
52678580649
52677782512
52678295001
52678790358
52678295146
52678580689
52677782562
52678580709
52678580734
52678295576
52678790813
52678295321
52678730995
52677782687
52678295331
52677782737
52678730985
52678790768
52678731135
52677782952
52678790883
52678581109
52678295506
52678295511
52678581159
52678790943
52677783112
52678295586
52678731350
52678790983
52678296111
52678791698
52678581644
52677783777
52678581734
52678581724
52677783887
52678732085
52678732160
52678732180
52678581779
52678791678
52677784012
52678732040
52678296391
52677784037
52678296161
52678732010
52678581729
52677783792
52678581714
52678732220
52678296131
52678296121
52678731980
52678581664
52678791568
52678731925
52678581834
52677783727
52678296551
52678582144
52678792068
52678732510
52678296776
52678732550
52678792313
52678296971
52678792838
52678733030
52678582889
52678582879
52678297321
52678297301
52678582844
52678732980
52678582834
52678792708
52678582819
52678792748
52678297791
52678733555
52678733450
52678297686
52678793178
52677785202
52678793048
52678733075
52678793018
52678733405
52677785262
52678297571
52677785267
52678582839
52678582804
52678792878
52678297481
52677785022
52677785557
52677785437
52678297801
52678297361
52678583614
52678733755
52678733910
52678583019
52678298186
52678298256
52678651236
52678651126
52678137617
52679146548
52678936479
52679146538
52678651101
52678651096
52678936459
52678137572
52679146513
52678651066
52678137532
52678936429
52678137507
52679084235
52678651036
52678137462
52678137432
52678650996
52679146453
52679084425
52678651241
52678651086
52678936509
52679146563
52678137587
52678137677
52678936609
52679084435
52679146718
52679084440
52678651296
52678936669
52678936504
52679146733
52678137827
52679146603
52679084240
52678651411
52679084555
52679146848
52679084540
52679146833
52678651416
52678651421
52679146873
52678651531
52679148948
52679148888
52679148808
52678653071
52679086175
52679086135
52678938299
52679086045
52679148533
52679086225
52678938584
52678938569
52679086320
52679086275
52678653121
52679148733
52679086380
52678938469
52679148873
52678139342
52678938549
52679148983
52679086535
52678653136
52679086570
52678653421
52679086620
52678653341
52678139952
52678938764
52678139822
52678939009
52679148933
52678140072
52678653376
52679149293
52678653486
52679086870
52678653496
52679148863
52678938634
52678939209
52678653721
52679086205
52678939354
52679151193
52678940974
52679088660
52678655136
52678940824
52679150913
52679088465
52678940584
52678940539
52678654801
52679150698
52678654746
52678654691
52678141352
52679150493
52678940244
52678141297
52679088030
52679088145
52678654816
52678940334
52678940389
52678654841
52679150848
52679150883
52678940494
52678141672
52678654901
52679150818
52678654981
52678940504
52678141467
52678940424
52678655221
52678941004
52678655246
52679150648
52679151248
52678940454
52678940409
52679088200
52679088130
52678141307
52678141872
52678941314
52678941399
52678656476
52679152368
52679152318
52679089965
52678143117
52679152383
52679152603
52679090065
52678942124
52678143167
52678656506
52678656516
52679152633
52678942309
52678942384
52679129360
52678183057
52678183142
52678980924
52678695756
52678183067
52678695796
52678183047
52678980859
52679192108
52678695881
52679129595
52678981124
52679129895
52678695961
52679129765
52679192098
52678696016
52678183227
52678183172
52678981099
52678980974
52678183007
52678183397
52678696186
52678695741
52678696251
52679192443
52678183442
52678183452
52679129965
52678981434
52678981399
52679129865
52679192178
52679130125
52678973664
52678175207
52679192608
52678981614
52679154043
52679129985
52679192543
52678697491
52679193543
52679193563
52678697496
52678697661
52678697686
52679131185
52679131220
52678184837
52679193793
52678697766
52678697816
52678982919
52679193888
52678184902
52679194028
52678185092
52679131780
52678697991
52679194093
52678185197
52679131920
52679131900
52678698136
52678185317
52679194118
52678185022
52679132095
52678699446
52679195318
52679132915
52678186367
52679133010
52678984339
52679195543
52678699361
52678186457
52679133095
52678699431
52679195633
52679195638
52678186727
52679195693
52678984494
52679133215
52678186792
52679195473
52678984569
52678699566
52679195743
52678186847
52678699601
52679133320
52679133330
52678699676
52679195373
52679195298
52679195928
52679195328
52679133430
52678187062
52678187087
52679195968
52678186987
52679195988
52678984834
52678186957
52679195808
52678699821
52679196008
52678984874
52678699736
52678984649
52679196038
52679195883
52678187187
52679196138
52678188387
52678986114
52679134975
52679134985
52678701061
52678701071
52678701106
52679197458
52679135090
52679197488
52679197503
52679197328
52678986229
52679197523
52679197533
52678701181
52679197568
52679135170
52679197618
52678701231
52678701226
52678188622
52679197633
52678986124
52678188637
52678986309
52678986329
52678188667
52679135285
52678701311
52678701316
52679135325
52679197738
52679197733
52679135370
52678986409
52678188812
52678701376
52678188862
52678701416
52678986484
52679197853
52679197863
52678188912
52679197908
52678986564
52678702906
52678987679
52678987674
52679199383
52678987804
52678190247
52678703051
52678987794
52679199243
52678703091
52678190457
52678190147
52678190472
52678703236
52679137265
52679199598
52679137230
52679137540
52678703436
52678703036
52679137445
52679137420
52678703546
52679137530
52679137550
52679137340
52679199893
52678703611
52678988304
52678703581
52678703621
52679137570
52678988299
52678190792
52679137625
52678703591
52679137690
52679137705
52678190132
52679200178
52679137915
52679136940
52679201208
52678989724
52678705076
52678705121
52678705096
52679139120
52679201468
52678989954
52678705091
52678192357
52678192567
52679201743
52678705351
52678989849
52679138915
52678705411
52678192622
52679139350
52679139270
52678705026
52678192587
52679139255
52678192382
52678989919
52679139190
52678990004
52679201513
52678705031
52679201308
52678192657
52678989709
52679139720
52679139805
52679139780
52678705781
52679139885
52678705806
52679139960
52678990844
52678192982
52679139440
52679203778
52679141415
52678194452
52678194447
52678991924
52678194487
52678707326
52678707331
52678707346
52678992004
52679203748
52678707401
52678707361
52679141515
52679203853
52678194482
52678707311
52678707466
52678707506
52679141655
52678707536
52678707576
52678992179
52679203928
52679203938
52678707631
52678194762
52679204038
52678707711
52678992239
52678707751
52678707796
52679141825
52678194927
52679204213
52678707851
52678707846
52679204208
52678194922
52678992359
52678992434
52678195052
52678195132
52679204433
52679204493
52679142180
52678992574
52678194997
52679206648
52678197642
52679144375
52678994824
52679144280
52678197062
52679206068
52678994689
52678197142
52678197147
52678994394
52678994539
52679144005
52679143985
52678994554
52678710046
52678197307
52679206243
52679144155
52678994679
52678197532
52678994834
52678710166
52678994624
52679144675
52678994594
52678197662
52679206218
52678994514
52679206528
52678197282
52679143990
52679206048
52678709911
52679206088
52678994444
52679143875
52679144540
52679206678
52678994939
52678709811
52678710281
52679206568
52679143785
52679143925
52678710706
52679144625
52678200157
52678997429
52678997274
52679208718
52679146820
52678199837
52679208783
52679208803
52679147160
52678200187
52679146860
52678712806
52678997609
52679146990
52679208753
52678997499
52678713016
52678712996
52679146960
52678997269
52678997234
52678200022
52679147025
52678997569
52679209003
52679208993
52678997544
52679209038
52678712766
52678713146
52679147115
52679209078
52678713271
52679209168
52679209158
52679147235
52678200162
52679209288
52678200492
52678200517
52679147215
52678713491
52678997599
52678200642
52678202897
52678715486
52679211398
52678202582
52678715376
52678715416
52678202557
52678999734
52679211438
52678999794
52678715456
52679149265
52678202657
52678999774
52678202647
52679211423
52678202667
52679211458
52678999804
52678999849
52678999854
52678202717
52679149300
52679149305
52678202692
52678202722
52679149310
52679149315
52679149330
52679149380
52679149400
52678715581
52678202822
52679149415
52679149465
52678202902
52679149595
52678715711
52678716056
52679211883
52678716086
52678203157
52679211943
52679149835
52679212018
52678203312
52679000079
52679150055
52679212063
52678205657
52679002344
52679152065
52678718271
52678205562
52678718411
52679002379
52678718481
52678205767
52679152320
52678718516
52679152460
52679002864
52679002419
52679214633
52679003019
52678718891
52679214733
52679003114
52678720666
52679154320
52678720576
52679004764
52678207807
52678720451
52679154140
52679216443
52679004809
52679004679
52679154235
52679154245
52678720531
52678208217
52678720571
52678207882
52678207837
52679154345
52679154365
52679004979
52678207717
52679004999
52678207782
52679005089
52679005139
52679154655
52678208327
52679154220
52679004714
52679216148
52679005154
52678208057
52678208437
52678208422
52679005554
52679155030
52679155035
52678208482
52679005589
52678721146
52679005099
52678721426
52679216623
52679217303
52678721281
52679006209
52679154225
52678207732
52678211027
52679157145
52679007549
52678210822
52678210862
52678210837
52678210922
52679219293
52678211022
52679007744
52678723486
52678210902
52679157105
52679157380
52678723591
52679157410
52678210802
52678723621
52678723631
52679219403
52678211172
52679007994
52678723706
52679219068
52679157440
52679007999
52679007704
52678723846
52678723896
52679008174
52678211442
52679008214
52678211512
52679219543
52679008254
52679219528
52678724036
52679219833
52679007939
52678724181
52678211687
52678724326
52678213277
52679221868
52679010339
52679222013
52678213542
52679222033
52679222063
52678213617
52679010569
52678213662
52679160015
52679160000
52678726471
52679160180
52678213677
52678726441
52679010824
52678213887
52678726421
52679010249
52679222518
52679160245
52678726676
52678726656
52679222558
52678214042
52678214112
52678213562
52679010934
52679159715
52679221883
52679222728
52679160410
52679160600
52679160400
52679224483
52678215982
52679162185
52679224713
52678728541
52679162330
52679224813
52679224858
52679162165
52678728926
52678216287
52678728931
52678216557
52679225418
52678216657
52678216667
52679162780
52678729206
52678729236
52679162820
52678729251
52679162830
52679225538
52679225553
52679162910
52678728531
52679012734
52679013729
52679013769
52679225768
52679013854
52679163180
52678217157
52679165205
52678731601
52678731586
52678219117
52678219077
52678731501
52678731471
52679227733
52679015464
52678218837
52679015334
52678731311
52679164865
52678731281
52679164910
52679227613
52679227808
52679015329
52679227768
52678731376
52678731391
52678731381
52678218922
52679227698
52679165060
52679227758
52679164995
52679165075
52679227798
52679015509
52678731346
52679015539
52678218797
52679015599
52679227788
52679015739
52679165310
52679015774
52679015394
52679015849
52678731816
52679228188
52678731456
52679165520
52679230178
52679017749
52679229918
52678221007
52678733216
52678733171
52679229763
52679229828
52679167185
52678733346
52679017524
52678221172
52678733436
52679017409
52678733481
52679229878
52678221132
52679017764
52679167465
52679230148
52679017914
52679167540
52679017904
52679017609
52679017984
52678221607
52679230338
52679167710
52678221707
52679167600
52678733456
52678221867
52678221882
52679017879
52678222002
52679168020
52679018449
52678222062
52679230628
52679020389
52679232743
52678736401
52678224082
52679232788
52679232803
52678736471
52678224152
52678224182
52679020504
52679020579
52679170330
52679233108
52679233118
52678224412
52679232983
52678224432
52679020759
52679020819
52678737001
52678736701
52678737091
52679170210
52678736816
52678736756
52679233418
52678224812
52679233253
52679233098
52678224872
52678736666
52679233553
52678737351
52679170990
52678737381
52678224962
52678224982
52678224977
52679021279
52679171120
52679233753
52679021364
52678225067
52678737546
52679170760
52679171260
52679237028
52679174400
52678740936
52678740926
52679236983
52679174375
52679024674
52678740881
52679024659
52679174335
52678228647
52678741096
52679174505
52678228422
52679174355
52679174475
52679024714
52679236963
52679024804
52679237068
52679024809
52678228497
52679024774
52679024739
52679174465
52679024769
52678740901
52678740911
52678740841
52679174320
52679237128
52679237118
52678740826
52679237143
52678228612
52678741146
52679237168
52679024939
52679237248
52679174710
52679174740
52678228887
52678228882
52678846731
52679130814
52679130804
52679281660
52679342548
52679131039
52679281545
52679342658
52679281420
52679130894
52679342558
52679281410
52678846936
52679342623
52679281480
52679281465
52679342638
52678846956
52679130874
52678334592
52678334527
52679281310
52679130999
52679281535
52679342733
52679281565
52679131054
52679281600
52679131059
52679281665
52679281675
52678334842
52678334862
52678847216
52678334897
52678847221
52678334927
52678847206
52679130839
52679342918
52679131254
52678847271
52679131299
52678334932
52678334792
52679281870
52678335047
52679281885
52679284725
52679134114
52678850111
52678337947
52679345928
52679134219
52679345958
52679284950
52678338072
52679346078
52678850326
52678850331
52679134339
52679284745
52678338142
52678337872
52679285045
52679346173
52678850386
52679285090
52679346168
52679346258
52679285110
52678850461
52679134489
52678850456
52678338222
52679346268
52679346263
52678338232
52678338262
52678850466
52679346298
52678338272
52679134524
52679285155
52679285160
52679134529
52679134519
52679346318
52678338317
52679346353
52678338357
52679134594
52678850526
52679285260
52679285340
52679137099
52678852961
52679287780
52679349083
52679287620
52679287715
52679349123
52679349068
52678853061
52678340892
52679348943
52678853046
52679137089
52678340912
52678340907
52679137139
52678340967
52679348958
52679349053
52679287615
52679137224
52678853131
52679287775
52679287650
52679137339
52679349258
52679137444
52679349333
52679288030
52679288005
52678341122
52679349518
52678853566
52679137834
52679137799
52679288375
52678853716
52679137649
52679288615
52678341592
52679140309
52678344577
52679140794
52679140749
52679140699
52678856551
52678344402
52678856476
52679140529
52678344227
52678344212
52679140389
52678344092
52679352323
52679290880
52679140509
52679140554
52679291065
52679140709
52679291230
52679291235
52678344707
52678344672
52678856916
52678344717
52678344822
52679291660
52679291650
52678856951
52678345047
52679353113
52679353128
52678857176
52678345022
52679353083
52678344237
52679353033
52678344987
52679352658
52678344927
52679141084
52679352943
52678345117
52678344812
52679141379
52679291840
52678345217
52678860041
52678347947
52678348002
52678860171
52679356368
52679356363
52679144499
52678348057
52679144419
52679356293
52679356203
52679144594
52678860276
52678348177
52679144609
52678348182
52679144619
52679356548
52678860306
52679356533
52679295150
52679295160
52679356538
52678348262
52679144629
52678860371
52679295295
52678860431
52679356663
52679356738
52679356748
52679356768
52678348382
52678860486
52679356778
52678348517
52678860596
52679295445
52678860611
52678348572
52678348632
52679295565
52678348377
52679295730
52679145169
52679145204
52679299315
52678352577
52678352482
52679299790
52678352262
52679299570
52679299430
52679360653
52678351962
52679148289
52679148284
52678864116
52678351992
52678864161
52679360658
52679360748
52679360743
52679360773
52679299480
52678352107
52679360843
52678352167
52678352182
52679299640
52679299650
52679148809
52679148784
52679299660
52679361028
52679299770
52679361108
52679361163
52679149049
52678352527
52679361238
52678864716
52678864741
52679300080
52679149199
52678864806
52678352522
52679148924
52679361653
52679299755
52678868486
52679152804
52679365008
52678356327
52678868491
52679365048
52678868501
52679365078
52679365083
52678868571
52679152989
52679152944
52679304175
52678868646
52678356487
52679365183
52679152864
52679152889
52679304070
52679365208
52678356492
52679365193
52679152974
52679152984
52679152929
52679365173
52679365153
52678868751
52678356422
52679152824
52678868831
52679304355
52678868876
52679365333
52679304395
52679365388
52678868836
52679304260
52679365408
52679365163
52678868601
52679304080
52678868476
52678869051
52679304620
52678359537
52679155954
52679368398
52679307470
52679307570
52679156099
52678359602
52679307635
52679368693
52679307715
52679368383
52679307745
52678872336
52678359787
52679307790
52678872261
52679368828
52678872436
52678872426
52679368978
52678872461
52678872496
52678872506
52678872531
52679156579
52679307700
52679156739
52678360187
52678359547
52678360247
52678359917
52679156709
52679308290
52679369383
52679156819
52679308370
52679156884
52679156904
52678872956
52679308405
52679369443
52679156934
52678873026
52679369478
52679311605
52679160224
52679372568
52679311545
52679372558
52679311515
52678876331
52679311505
52679372548
52679160159
52678876296
52679372503
52678876271
52678876241
52679160114
52679160129
52678363857
52679372498
52678363882
52678876256
52678876196
52679311455
52679372578
52679160219
52679311575
52679372603
52679311550
52679311630
52679372668
52679160364
52678876541
52679311845
52679160424
52679160479
52678876606
52679160469
52679372823
52679160464
52679311790
52678364212
52678364402
52679311970
52679160594
52679312065
52679311905
52678364452
52678364522
52679314900
52678367682
52679376173
52678879606
52679314870
52679163759
52679314910
52679163769
52678367677
52678879761
52678367702
52679376213
52679163789
52679163794
52678367747
52679163859
52679376308
52679163939
52679376348
52679163959
52679315090
52679315110
52679376373
52678367887
52679376383
52678879821
52679376498
52679376468
52679315270
52678879801
52679376678
52679164309
52679164359
52679164404
52679376493
52678880186
52679164104
52678368487
52679376883
52678879766
52679315710
52678368512
52678368622
52678880461
52679315070
52678368712
52678884086
52679319525
52679168514
52679319580
52679319640
52679319585
52678372407
52679319590
52678372402
52679168589
52679319675
52679380813
52679319705
52678372457
52678372297
52679319730
52679319765
52678884321
52678884336
52679319825
52679168789
52679168804
52678884471
52679381013
52678884491
52679168644
52678372367
52679381073
52678884226
52679319615
52679381093
52678372772
52678372777
52678372792
52679381143
52679168879
52679380798
52679380743
52679168914
52679381228
52678372717
52678884416
52679319755
52679380828
52679381293
52679381318
52679172884
52678887946
52679324105
52679173114
52679384983
52679324210
52679324220
52678888156
52678376792
52679385223
52678888361
52678376952
52678888271
52679324480
52678888216
52679324285
52679385078
52678376717
52679385388
52678376657
52679173589
52678888506
52678376617
52679324085
52679384863
52679385483
52678376972
52679172889
52679173694
52678377237
52679324780
52679385668
52679385848
52678377407
52679324720
52678888586
52678377147
52678377442
52679173549
52678888436
52679324455
52679174164
52679385213
52678377602
52678889076
52678377552
52678893121
52679390288
52679329470
52678893126
52678381787
52679178539
52678893176
52679390298
52678381832
52679178594
52678893186
52678381857
52679390478
52679390488
52679329640
52679390518
52679178724
52679178739
52678381992
52679390578
52679178844
52679329910
52679178899
52679178959
52678893361
52678893696
52679390768
52679390773
52678893556
52679330015
52678893761
52678382317
52679390903
52679390913
52679330120
52679390883
52679330175
52678382442
52679329680
52678382482
52679179244
52678382477
52679330425
52679179394
52679391248
52679179439
52679390788
52679391323
52678391607
52679399888
52679399943
52679399928
52678902891
52679188399
52679400008
52679188394
52678903016
52678903001
52679400078
52679339210
52678903061
52678903051
52678903096
52679188494
52679400173
52679400153
52678391907
52678391917
52679188504
52678391947
52679400193
52678391972
52678391987
52679400208
52678391992
52679399993
52678392022
52679400223
52679339380
52678903231
52679188684
52679400158
52678392182
52678903391
52679400373
52679188744
52678391652
52678903421
52678392267
52679339615
52679339665
52679400503
52679339740
52679403758
52678395612
52678395502
52678395507
52679191904
52679403578
52678906551
52678395622
52679403733
52679192039
52679192044
52678906626
52679192069
52678395782
52679192174
52679342940
52679192219
52678906721
52679192259
52679343030
52678395947
52679192294
52679343085
52679192319
52679403988
52678906911
52678906931
52679192359
52678396037
52678396097
52679192429
52679192454
52678907021
52679192479
52679192564
52679192644
52679192624
52679192684
52679404253
52679404343
52678906516
52679192834
52678396407
52678396452
52679342860
52679192884
52678396627
52678400732
52679347835
52679408758
52679347915
52679408803
52679408778
52679197264
52678400817
52679408828
52679197284
52678911816
52679347975
52678911881
52678400857
52679408883
52678400927
52678400902
52678911936
52679409043
52679348195
52678400977
52678401002
52679409018
52679348265
52678912086
52678912111
52678400907
52679197514
52678401027
52678401037
52678401067
52678912166
52678400997
52678401092
52679409208
52678912221
52678400877
52679408863
52678401137
52679197254
52678912261
52678401152
52678912306
52679348450
52679197379
52678912256
52679197744
52678405297
52678915851
52679412938
52679201464
52678405382
52679413023
52679413038
52679352350
52679413068
52679352325
52679413063
52679352250
52679413078
52679352375
52678405517
52679352405
52678405527
52678405502
52678405487
52679201539
52678916041
52678916031
52678916046
52678916021
52679352390
52678405462
52678405392
52678405587
52678405357
52679352285
52679352240
52679412928
52679201674
52678405722
52678405732
52679352605
52679413253
52678916266
52679352625
52679352640
52678405792
52679352635
52678405837
52679352685
52679413348
52678916366
52679352700
52678919721
52679417198
52678409352
52679356250
52679205409
52679205294
52678919601
52679416873
52678919641
52679356160
52679417078
52679417083
52678919791
52678919801
52679205404
52678919836
52679356205
52679205449
52679417163
52679356235
52678919886
52678919936
52678409587
52679205564
52679205614
52678920066
52679417388
52678920121
52679205679
52679356490
52679205709
52679356475
52678919966
52679205714
52679205734
52678409662
52678409777
52678409767
52679205809
52678920261
52679417568
52679416943
52679417673
52678410032
52679420628
52678413082
52679359605
52678413077
52679420663
52679208789
52679208804
52678923336
52678413172
52679420743
52678923346
52678413147
52679208874
52678923441
52678413257
52678413247
52679420818
52678413297
52679420853
52679208939
52678923491
52679359770
52679420883
52678413357
52678413367
52679208974
52679420913
52678413362
52679208959
52678413387
52679359830
52678413402
52678923421
52678413422
52678923561
52679359910
52678923611
52679209044
52678923636
52679421093
52679209084
52679209104
52678923746
52678413517
52679209164
52679209254
52679360485
52679209779
52679421838
52679364210
52679425543
52679213809
52679364310
52679364300
52679425683
52678417757
52679364345
52678928276
52679425643
52679425633
52679213874
52679425648
52678417802
52678928326
52679213719
52679425748
52679213999
52679214004
52678928406
52678928256
52679364515
52679364525
52678417892
52678417957
52678417967
52679214159
52679214174
52679214124
52679425988
52678417902
52679364490
52678417767
52678928206
52679364715
52679425653
52679214284
52679214354
52679214389
52678418242
52679214439
52678928806
52678418312
52679426283
52678418342
52679214844
52678929126
52679214909
52678929301
52679370175
52679370190
52679431298
52679370150
52679370160
52679431338
52678423272
52678423267
52678423317
52678933766
52679219924
52679431403
52679370320
52678933791
52679370335
52679219934
52679219944
52679219844
52679431478
52679370425
52679431498
52678423327
52679220099
52679370550
52678933981
52679431653
52678934021
52679370580
52679220174
52679431713
52679220234
52679219984
52678934026
52679431788
52678934131
52678934156
52679431798
52679220279
52679431813
52679370810
52679431873
52678423742
52678934241
52679370855
52678423832
52678938546
52678938366
52679374705
52678938186
52679436028
52678427707
52678938241
52678427717
52679374790
52678427732
52679374815
52678938306
52679224229
52679374845
52679436103
52678427782
52678427757
52678427837
52678427847
52679436178
52679224289
52679224324
52678938431
52679224309
52679436213
52679375025
52679224409
52679224419
52678427972
52679436358
52678428047
52678938641
52679436413
52679224524
52679224179
52678938656
52678428092
52678938666
52679436433
52679436438
52679224589
52679224599
52679224629
52678428272
52679436638
52678938926
52678428422
52679440608
52679228879
52679228894
52678942746
52679379760
52679228914
52678942906
52679379670
52678432427
52679379550
52679440633
52678942856
52678942821
52679379665
52679440703
52678942881
52678432412
52679228909
52679228859
52678432537
52679440818
52678432617
52679229269
52678432687
52679379970
52678943151
52679229299
52679229309
52679379975
52679229324
52679229344
52678432757
52679441048
52679229429
52678943196
52679441513
52678943641
52679229529
52678432922
52679379625
52679441578
52679443388
52678434952
52679443353
52679443383
52679382485
52678945451
52679443513
52679232484
52678435162
52678435182
52678435587
52679232014
52678435537
52679443718
52678945781
52678435412
52678945896
52679231964
52678945736
52679231929
52679382625
52678945636
52679443798
52679447508
52678949486
52679386480
52679235749
52678439212
52679386540
52679447578
52679235869
52678439342
52679447533
52679386705
52679447713
52679386640
52679236014
52679386710
52679447513
52678439317
52679386555
52678439252
52679386790
52678949601
52678949426
52679447693
52678949581
52679236164
52678439662
52679236274
52679387070
52679387120
52678949861
52678439792
52679387180
52679236289
52678949721
52678439882
52679448103
52679386505
52678440007
52678950121
52678950066
52679448143
52679448158
52679448183
52679387400
52679387425
52679236604
52679448233
52679387480
52678440102
52679452063
52678953916
52679391215
52679452198
52678954006
52679452123
52679391165
52679452353
52679240624
52679240619
52679452383
52678954226
52679452388
52678444122
52679391290
52679391570
52678954306
52679391610
52678954351
52678953966
52679391480
52678444427
52678954621
52679241024
52678444667
52679391755
52679241319
52678954886
52679392160
52679453093
52679241344
52679239899
52678955061
52678444937
52679452903
52678448687
52678958481
52679456583
52679395725
52679456638
52678958521
52679245104
52679395860
52679395815
52679456713
52679245084
52679456838
52678958656
52679395985
52678958646
52678448997
52679395650
52678958686
52678958681
52679456868
52678449107
52679456893
52679456928
52679456978
52678449192
52678958796
52678449212
52679245429
52679396175
52678449167
52679245514
52678958966
52679245549
52679396240
52678958991
52679457213
52678962736
52678962781
52678962496
52679460608
52678962526
52678962606
52678452952
52679400045
52678453002
52678452977
52679460688
52679400100
52678962796
52678453077
52679400205
52678962886
52679400070
52679460693
52679400040
52679249249
52678962986
52678962956
52679460663
52679249229
52679400005
52679399985
52679249604
52679460983
52678963051
52679249649
52678452937
52678452912
52679249139
52678453452
52678963116
52679461118
52678963066
52678962641
52678453517
52678963191
52679461168
52679249819
52679400600
52678963171
52679249709
52678453677
52678963411
52679461513
52679250114
52679405510
52679405495
52678968166
52679254774
52679254779
52679466363
52679254844
52679466373
52679466398
52678968256
52679466463
52679466528
52679405710
52679255029
52678458632
52678458607
52678458627
52678458652
52678968426
52679466558
52679254949
52678968476
52679255119
52679466683
52679405915
52679466753
52678968591
52678458787
52679466763
52679466823
52678968756
52678968771
52679466928
52678458982
52679466978
52678458977
52679466993
52679466968
52679466963
52679467023
52679255424
52678968881
52678459027
52678459077
52679467088
52678459017
52678974996
52678464852
52679412125
52678975056
52679261439
52679412150
52679261319
52679261364
52679261859
52679261784
52679412495
52678465052
52679261674
52679473353
52679261479
52679412420
52678975276
52678465127
52679412305
52679261574
52679412265
52679412390
52678975101
52679412170
52678465187
52679473418
52678975011
52679261264
52678975526
52679412530
52679473683
52678975576
52679412435
52679473728
52678465447
52678465482
52679473828
52679473803
52678465477
52679412580
52679412670
52678975711
52679261979
52679473928
52679412695
52678979951
52679265909
52678980026
52679478458
52679266059
52679266039
52678470107
52679417510
52679417530
52678980491
52679417535
52678470717
52678470712
52679417565
52678470772
52679266649
52678470822
52679266684
52678980631
52679266714
52679266759
52679266774
52678980691
52678470932
52678470687
52679417515
52678980736
52679266799
52678980461
52679266514
52679417835
52679266839
52679417840
52679479238
52679479288
52678980821
52678980831
52678470847
52679266914
52679417990
52678471087
52678980886
52678980896
52678471127
52678471187
52678471172
52679267014
52679479348
52679417925
52678980991
52678980801
52679479258
52678470872
52679267254
52679267139
52679484408
52679423090
52678476152
52678985641
52679271874
52679423160
52679423150
52679271904
52678476232
52679423175
52679484468
52678476247
52678476252
52678985716
52678985726
52678985731
52678985751
52678470002
52678985571
52678469842
52678985806
52679423260
52678984111
52679477673
52679423290
52678985841
52679272014
52679484233
52679270539
52678985846
52678476387
52678985686
52679271899
52678469642
52678985216
52679271434
52679483388
52679423370
52678476472
52679271759
52678977616
52679484638
52678985696
52679271889
52679484218
52679484698
52679484863
52678989781
52679488408
52679276254
52678989831
52679427355
52678989821
52678480257
52678989871
52678989881
52679276469
52678989901
52678989936
52678480327
52679276349
52679276424
52679427480
52679427525
52679276489
52679488553
52678480437
52679276569
52678990201
52679427645
52678480542
52679488733
52678990306
52679276654
52679276674
52678990001
52679276704
52679276734
52678990391
52679488888
52678989976
52678480317
52679276784
52678480807
52679276559
52679427940
52679276909
52679427960
52678990541
52678990566
52679277039
52678481037
52679281134
52679431570
52678994146
52679431505
52679493093
52678484902
52678484927
52679493173
52678994301
52678994311
52679280964
52679280989
52679431750
52679431730
52679431765
52679281009
52678485067
52679431615
52679431830
52679280994
52679431870
52678994616
52678994611
52679493533
52678994631
52678994651
52678994671
52678485402
52679432135
52679432125
52679432160
52679493783
52678485472
52679281504
52678485527
52679493853
52678485587
52679494053
52678994641
52679432465
52679432485
52678994271
52678995126
52679494148
52678485792
52678999271
52678999291
52678489817
52678489842
52678999316
52679498178
52679285964
52678489872
52678489907
52679498228
52679286014
52678999366
52678489952
52679436820
52679436740
52679498253
52678489972
52678999446
52679286084
52679498293
52679436770
52679436775
52679286079
52679436800
52679436815
52678999471
52679286144
52678490042
52679436875
52679436865
52678490052
52679286224
52678999536
52678490082
52679436950
52679498423
52679436960
52679436735
52679286299
52678999626
52679286309
52679286239
52679437025
52679286389
52679498553
52679286434
52678490347
52679437225
52679437175
52679004486
52679004491
52679291249
52679503483
52678495142
52679442070
52679004666
52679442080
52679291414
52679291424
52679004711
52679503628
52679503603
52679503648
52679291474
52679503663
52679503683
52678495302
52679004806
52678495327
52679503763
52678495322
52679004861
52678495382
52679291564
52679291589
52679503858
52679004946
52679004996
52679503918
52679503913
52679503938
52679442255
52679503943
52679442500
52679291754
52679005046
52679503968
52679005071
52679442565
52679442595
52679504108
52679442665
52679005161
52679291899
52678495477
52679291974
52679296824
52678500552
52679296814
52679296794
52679296774
52678500522
52679509438
52678500592
52679296849
52678500612
52678500597
52679010306
52679509503
52679296929
52679509548
52679509563
52679296954
52679447770
52679010381
52679509598
52679509593
52679010386
52678500702
52679509608
52679447815
52679296999
52679447795
52679297014
52679010396
52679447845
52679447840
52678500637
52679297054
52679509638
52679010441
52679447885
52679447895
52679509728
52679010531
52678500822
52679010521
52678500812
52679010331
52679447975
52678500887
52678500882
52679448055
52679297299
52678501007
52679302114
52678505837
52678505777
52679453165
52678505752
52679015471
52679515143
52679015541
52679302074
52679453315
52679302119
52679515283
52679453200
52679015426
52678505927
52679302009
52679302249
52679302239
52678505747
52679515328
52679453475
52679515378
52679015736
52679453495
52678506032
52678506047
52678506052
52679453520
52678506022
52679453510
52679302399
52679453620
52679453650
52679453665
52679015881
52679302554
52679016036
52679016041
52679453810
52679515798
52679302669
52679302764
52679863620
52679713379
52679924923
52679924843
52679863415
52679924763
52679863245
52679924688
52679924698
52679924758
52678915912
52679863305
52679924668
52678915917
52678915852
52679713324
52679427031
52679427056
52678916177
52679925018
52678916252
52679863820
52679713609
52679925273
52679925308
52679427411
52679713694
52679427396
52678916432
52679427391
52678916562
52678916267
52679863300
52679863800
52679427561
52679864100
52679427586
52678916692
52679427676
52679714074
52679714119
52679716744
52678919187
52679866850
52678919007
52679429996
52679716469
52678918957
52679429906
52679429881
52678919052
52679866750
52679716564
52679430181
52679866845
52679716594
52679866815
52679866790
52679716624
52679716559
52678919047
52679927968
52679716454
52679866660
52679716679
52679716674
52679716704
52679716699
52678919217
52679866895
52679716809
52679928218
52679928243
52679716849
52679928283
52679716869
52679716719
52679716464
52679430381
52679716954
52679928483
52679867200
52679928528
52679867080
52679928588
52679717079
52679928643
52679433086
52679719569
52678922092
52679931043
52678922127
52679433466
52679870305
52679433471
52679870485
52679931513
52679433666
52679433711
52679870495
52678922662
52679870695
52679931698
52679719924
52679870320
52678922427
52679870315
52679433451
52679719904
52679433421
52679720564
52679931963
52679720659
52678923112
52679870910
52679434381
52679932063
52679932033
52679720674
52679870895
52679870875
52679931933
52679720539
52678922982
52679434056
52678922922
52679932468
52679721189
52679871525
52679434896
52679434961
52679434971
52678923942
52679932783
52679720179
52679875100
52679935888
52679438136
52679875150
52679438176
52679936068
52679936083
52679875120
52679724784
52679724779
52679936158
52678927237
52678927247
52678927062
52679438396
52679936213
52679936198
52679438486
52679438711
52679936298
52678927422
52679724944
52678927387
52679936318
52679875580
52678927462
52679725094
52679875665
52679438661
52679438701
52679936043
52679875230
52679875140
52678927602
52678927262
52678927627
52679725199
52679936533
52679725134
52678927532
52678927657
52679875845
52679936663
52679936658
52679939248
52679727899
52679878885
52679939328
52679727944
52679878905
52679727959
52679441626
52679878845
52679939363
52679878910
52679879075
52678930602
52679879090
52679879115
52679728169
52679939458
52679939453
52679879125
52679939473
52679879155
52678930647
52679728214
52679879175
52679939558
52679879230
52679441926
52679939608
52679728384
52679728389
52679442041
52679442036
52679879335
52679728469
52678930932
52679939723
52678930947
52679879395
52679442166
52679442176
52679728044
52679442276
52679442286
52679442301
52679879555
52678931127
52679882630
52679731794
52679943198
52679731844
52679882720
52679882745
52679882760
52679943428
52679883025
52679445961
52679943083
52679445476
52679883200
52679446086
52678934797
52678934967
52679943843
52678935032
52679732459
52679883190
52678934462
52678935147
52678935232
52679883685
52679883755
52679944143
52679883525
52679732624
52679883335
52679446791
52679446681
52679446586
52679976298
52679479151
52679915515
52679479176
52679915505
52679915620
52679915615
52679479316
52678966592
52679976558
52679915770
52678966447
52679915780
52679976568
52679915790
52679764539
52679764529
52679976588
52679915805
52679479416
52678966657
52678966672
52679479441
52679479446
52679764544
52679764399
52679764564
52679976643
52678966717
52679764594
52679764669
52678966832
52679479706
52678966652
52679479761
52678966952
52679916130
52679764429
52679482671
52679482556
52679482566
52679482576
52679482586
52679482591
52678969792
52678969812
52679767694
52679482606
52679979798
52679979808
52679918950
52679918940
52679482641
52678969847
52678969862
52679979838
52679918980
52679979878
52679919045
52678969957
52679482751
52678969932
52679482716
52679919010
52679482801
52679482681
52679918955
52678969852
52679919100
52678969837
52678970012
52679482906
52679767984
52679482931
52679767854
52679980053
52678970162
52678970187
52679919280
52679483006
52679980128
52679483011
52679483091
52679980208
52679768169
52679923825
52679481341
52679729609
52678968352
52679766074
52679729474
52679983768
52679765974
52679978093
52679486881
52679922925
52678968097
52679765779
52679916875
52679773054
52679486851
52679983703
52679916795
52679736754
52679983683
52679480451
52679765349
52679977533
52679916675
52679923945
52679486771
52679480311
52679977483
52679773119
52679486751
52679922740
52678967352
52678974832
52679924130
52678975157
52679923390
52679985108
52678975362
52679488071
52679924305
52678975407
52679773494
52679488161
52679773559
52679772604
52679928475
52679777499
52679928515
52679989418
52679928555
52678979897
52679989488
52679928645
52679928710
52679928735
52679928530
52679491976
52678980157
52679777674
52678980182
52679989838
52679777904
52679492551
52679492536
52679777949
52679492561
52678980342
52678980332
52679492641
52679929055
52679989443
52678980457
52679492781
52679492796
52679989823
52679929290
52679492191
52679492046
52679989458
52678980792
52679492006
52679777534
52679989393
52679491956
52679928470
52679493036
52679990493
52679778519
52678980422
52679935745
52679996738
52678986717
52678986597
52679935355
52679996398
52679935200
52678986312
52678986317
52679498751
52679996363
52678986397
52679935300
52678986472
52679498851
52679498891
52678986532
52679498876
52679784134
52678986537
52679784104
52679784119
52679935450
52679935515
52679784294
52679996638
52679935525
52679499086
52679499096
52678986832
52679499231
52679784549
52679784594
52678986962
52678986992
52679935885
52679996978
52678987127
52679499436
52679997113
52679997158
52679499556
52679936170
52679997313
52678987387
52678993572
52680003563
52680003603
52679942610
52679505936
52680003578
52679942670
52679506001
52679942745
52679506026
52679942720
52679791659
52680003693
52679791509
52679791719
52679791724
52679942835
52679791749
52679506111
52680003748
52679505966
52678993792
52679505916
52680003808
52678993852
52679506136
52680003858
52679791844
52679942930
52679942965
52679506196
52679946165
52679794844
52678997397
52678997417
52678997457
52679794949
52679794954
52679509611
52679946335
52680007063
52680007093
52680007073
52679509561
52679795069
52679509751
52679509591
52678997702
52679795129
52679509801
52679509811
52679946545
52679509766
52680007243
52678997637
52680007108
52680007013
52679946625
52679946635
52678997822
52679795299
52679794919
52679509586
52679794899
52679794884
52680006928
52679946750
52680006918
52679946215
52679946785
52679795379
52679946200
52678997387
52678997362
52679795404
52679510086
52679946580
52680007583
52679515031
52679002742
52679951080
52679515076
52680012718
52680012703
52679951950
52679515096
52679003192
52679002882
52679800584
52679950645
52679799024
52679513491
52680011208
52679950560
52679003372
52680012953
52679003367
52679952080
52679800569
52679800764
52680012938
52679800629
52680012343
52680012323
52680011143
52679800529
52679514716
52679952225
52680012983
52679003107
52679003002
52679951805
52680012503
52679003577
52679003602
52679952280
52680012783
52679003647
52680013148
52679515461
52679801044
52679515511
52679515516
52680013188
52680013198
52679515541
52679801074
52679958340
52679009672
52679958435
52679958425
52679958410
52679806914
52680019293
52679958475
52680019288
52679521611
52679958495
52679521631
52679806944
52679806954
52679958510
52679521691
52680019368
52679009882
52679807034
52679807054
52679807049
52679958560
52679521701
52680019413
52679009907
52679009922
52679958570
52679807059
52679009912
52679009957
52679009962
52679958575
52680019448
52679807089
52679807084
52679807094
52679009972
52679009997
52680019483
52680019508
52680019523
52679958670
52679958715
52680019558
52679521936
52679521966
52679807289
52679015532
52679964055
52679015602
52679812369
52680024908
52679527211
52679812404
52680024708
52679964075
52680024833
52679812464
52679964200
52679015727
52679015712
52679527166
52679964010
52679527366
52680024878
52679812559
52679964305
52679812594
52679812649
52679964350
52679527491
52679964415
52679964120
52679812754
52679527371
52679964490
52679016037
52679964555
52679964575
52679964615
52679016122
52679016132
52679527781
52679964715
52679813019
52679813014
52679527821
52679964785
52679969020
52680029653
52679020612
52680029648
52679817369
52679020632
52679020657
52679817424
52679020677
52679532071
52679020752
52680029838
52679020847
52680029908
52679913634
52680126168
52680126183
52679628096
52679913744
52679116012
52679116037
52680065830
52679628216
52680126338
52679628231
52679116142
52680126443
52679116177
52680065795
52679913984
52680126483
52680065950
52679628346
52679913924
52680126508
52679913894
52680126533
52679116282
52679914079
52679116197
52680066065
52679628441
52679628451
52679116122
52679914184
52679914159
52679914169
52679914199
52679628591
52679914254
52680126758
52680066335
52680126868
52680066300
52680066320
52680066005
52680126888
52679914454
52679628856
52680126953
52680126993
52680070185
52680070190
52680070205
52679120652
52680070210
52679632676
52679632696
52679632691
52680070265
52679120722
52679918329
52679918354
52679632781
52680131053
52679632776
52679632811
52679120707
52679629301
52680131128
52680131148
52679631661
52680069150
52680131158
52679918419
52679631381
52680068885
52680129488
52679120882
52679918429
52679918294
52680130873
52679120872
52680131193
52679918464
52679632896
52680131093
52679918054
52679917714
52679120237
52679918504
52680070440
52679918499
52679120912
52679880834
52679918519
52679918534
52680131283
52679918544
52680131338
52679922399
52679922384
52680135268
52680074285
52679922449
52680135323
52679124802
52679922499
52679922529
52680135388
52679637046
52679124962
52680135488
52680074495
52679922699
52680135568
52679922694
52679637231
52679125087
52679637236
52679922714
52680074500
52679922774
52680074535
52680135608
52679637286
52679922784
52680074540
52679125152
52680135598
52680135653
52679125182
52680074555
52679125187
52679125202
52680135658
52680074350
52679125247
52680135668
52679922854
52679922719
52680074480
52679922904
52679922879
52680135788
52680080405
52679130132
52679927814
52680079620
52679927739
52680079585
52679642086
52680140303
52680140248
52679641966
52680140218
52680140228
52679129882
52679642061
52679642081
52680140348
52679129912
52679642136
52680079650
52679642196
52679130162
52679927849
52680140583
52680079565
52679927974
52679642476
52680140763
52680079985
52679130442
52679928139
52679130472
52679130487
52679130527
52680080145
52679928179
52680080130
52679642676
52680080155
52679642686
52679130562
52680080265
52679130617
52679642311
52680141098
52680080390
52679646536
52679646581
52679932174
52679646616
52679646606
52680084260
52680084280
52679134612
52680144833
52679134707
52679932314
52679932334
52680144873
52679932384
52679646891
52680144993
52679932469
52680145083
52679932599
52679932619
52680144848
52680145138
52679135022
52680084710
52679134632
52679647206
52680145263
52680084640
52679647266
52680145313
52679134937
52680084580
52679647276
52680084525
52680084935
52679933004
52679135212
52680084960
52679135437
52680085015
52680084995
52680145583
52679135502
52679937964
52680150073
52679140127
52679140147
52679652331
52679652341
52679652351
52679652346
52680089835
52679652366
52680089855
52679938029
52680089965
52680150258
52680089985
52680150293
52680150323
52679652481
52679938164
52680090000
52679140202
52680150333
52680150328
52680150343
52679140382
52679938184
52679938194
52680150368
52680150388
52680150393
52680090160
52680150413
52680090220
52680090255
52680090245
52679938264
52679938284
52679140522
52679655876
52679941619
52679144252
52680154388
52679941634
52680154393
52679941644
52679655966
52680094170
52679656036
52679941734
52680154283
52680094020
52679655861
52679144412
52679656126
52679144302
52680154413
52680094370
52680094390
52679656201
52679144247
52680154673
52679144557
52679941929
52679941999
52679144632
52679144472
52679656161
52680094065
52680094585
52680154888
52679942099
52679656476
52679656471
52679942109
52680155003
52679656596
52680155053
52679656626
52679144987
52680094605
52679145002
52679656636
52679145017
52680155093
52680094765
52679145062
52680100335
52679662246
52679947784
52680100200
52680100170
52679947749
52679150397
52680160833
52679150417
52679662216
52680100225
52679662211
52679150432
52680100215
52679662201
52680160863
52680100230
52680160878
52679947829
52680160883
52680100340
52679947884
52680160943
52679662296
52680100355
52679662301
52680100365
52680160963
52679662351
52679947959
52680161028
52680100400
52680161038
52679150637
52679150647
52679662446
52679150677
52679150707
52680100495
52679150727
52679150717
52679948039
52680161128
52679662521
52679150747
52680100605
52679668291
52679156322
52680166423
52679156307
52680166373
52679668266
52679668301
52680166438
52680166453
52679668281
52679156377
52680166528
52680106355
52680166583
52679156467
52680166473
52679668456
52679954024
52680166588
52679953989
52679953969
52680166613
52679156447
52680106345
52680106320
52680166648
52679156392
52679954154
52679668296
52679953854
52680166708
52680106580
52680166758
52679156692
52679954279
52679668731
52679954294
52680166863
52680106735
52679954424
52680166943
52679156872
52679156852
52680112285
52680172173
52679674096
52679161982
52679959884
52679162012
52680172253
52679162027
52680112325
52680172278
52679162042
52679674166
52680112385
52679674171
52679674181
52679162052
52679960004
52679674206
52679674226
52679162127
52679162142
52680172388
52679960064
52679960069
52680112495
52679162202
52679674296
52679960174
52680112515
52680172428
52679162212
52680172438
52679960159
52679960149
52679960134
52679162307
52679162302
52679960114
52680112525
52680112580
52679960214
52679162342
52679960209
52679162207
52680172553
52680112620
52679162402
52680172608
52680179248
52680179228
52679680626
52680179208
52680118790
52679966639
52680179173
52680179163
52680118755
52679680531
52680179198
52679680596
52680179238
52679680611
52679966774
52680179168
52680179298
52679680736
52679168667
52679966809
52680179323
52680118975
52679680796
52680179378
52680118985
52679168727
52680119010
52680179403
52679966889
52679680841
52680179413
52679168782
52680179428
52679966909
52679680981
52679966959
52679680946
52680179488
52679966939
52680179513
52679967074
52680119190
52679168937
52679681146
52680119220
52680119225
52680119245
52680119275
52680183728
52680183768
52679971584
52679685396
52679971644
52679685501
52679971829
52680123945
52679685586
52680184008
52679971939
52679685616
52679685621
52679173612
52679972149
52679173567
52680124205
52680124085
52679972084
52679972064
52679685691
52679173467
52679972039
52680124140
52679972014
52680184093
52679173262
52680124080
52679971979
52680124040
52680124020
52680184238
52679685601
52680184023
52679685576
52680123960
52680183983
52679972164
52679971769
52680183923
52679971739
52680123830
52680184313
52679972184
52679972299
52680184333
52680188698
52679177862
52680188728
52679690326
52679976509
52680188793
52680188803
52679976549
52680188823
52679177957
52680128660
52679690386
52679976554
52680128680
52680188863
52680128685
52679177987
52680128735
52679178037
52680188903
52679178052
52679690476
52679178047
52679690496
52679690481
52680188993
52679178162
52680128860
52679178207
52679690681
52680189048
52680189043
52679178227
52680128925
52679690701
52679178237
52680128910
52680128965
52680189113
52680128975
52680128985
52680128995
52679690751
52679178282
52679178287
52679182987
52679182982
52680193848
52679695586
52679695611
52679981649
52679695571
52679183022
52679981624
52679981829
52679183117
52679981884
52679183067
52679183037
52679183007
52680133975
52679695811
52679981949
52680134030
52679695861
52679183012
52679182942
52679982059
52680194228
52680134190
52680194278
52679183422
52680134240
52679183492
52680194373
52680194383
52679696041
52679183547
52679982259
52679696116
52679183607
52679183632
52679183672
52680194478
52680134505
52680194508
52680134025
52679696231
52680134525
52679183722
52679696291
52679982434
52679988579
52679702031
52679988284
52679189302
52680200218
52680139800
52679188947
52680139550
52680139440
52680139365
52679701061
52679987384
52679188722
52680139455
52679701201
52679189012
52679189037
52679189117
52679702191
52680140385
52680140340
52680200103
52679701996
52680140285
52679701321
52679987609
52679987554
52679701241
52679987489
52679188622
52679188612
52680199728
52680199723
52679987459
52680139335
52679188587
52679701106
52679987359
52679701036
52679988364
52680140270
52679701011
52680139240
52679189597
52679702111
52680201083
52679702481
52680146670
52679994394
52680206943
52680146645
52679708456
52680206933
52679994374
52679195802
52679708406
52680146635
52680146830
52679708636
52680146890
52680146900
52679994779
52679196247
52679708911
52680207448
52679708996
52679196297
52680207488
52679709001
52679195812
52680147255
52680207593
52679709116
52679709141
52679709146
52679995009
52680207693
52679196457
52680147380
52679708766
52679709301
52679709321
52680147495
52679709361
52679995214
52680207868
52680147540
52680207883
52679709526
52680147600
52679995339
52680147675
52680147655
52680147640
52679714321
52680000259
52679714346
52680152520
52680212808
52679201467
52680000374
52680000409
52680000499
52680152755
52679201647
52680000469
52680213008
52680212953
52679201607
52680212948
52680000439
52679714541
52679714396
52679714511
52680000334
52680213453
52680000839
52680000779
52680000729
52680153110
52680213178
52680152925
52680000609
52680213108
52680000624
52679714556
52680000349
52679201692
52680000474
52680000384
52680212783
52679201897
52680213328
52680152965
52679714996
52679715016
52680000919
52680213573
52680213468
52679720231
52680218393
52680006039
52680006004
52680218343
52679720156
52680158500
52679720191
52679720241
52680218608
52679207267
52680006269
52680158730
52679207277
52679720361
52679720376
52680006309
52679207317
52680158790
52680218673
52680006379
52679207342
52680218813
52680219043
52680158990
52680006504
52680006374
52680158630
52679720266
52679720606
52680006574
52680158935
52680158945
52680006629
52680219048
52680009249
52680161455
52679210282
52679210337
52680161565
52680009394
52679723746
52680009454
52679723816
52680009494
52680161750
52680221928
52680221968
52680221898
52679210617
52680162010
52679724221
52680009894
52680161900
52680009949
52680009964
52679724426
52679211037
52680222498
52679211122
52680222558
52679724596
52680010249
52679211217
52680010304
52680162205
52680009914
52679211357
52680162525
52680009839
52680222063
52680009519
52680221868
52680010404
52680222883
52679211537
52680010634
52680010669
52680227323
52680014819
52680167180
52680014684
52680227018
52680227023
52680167015
52680014649
52680014639
52680227113
52679729261
52679215747
52680014759
52679729291
52679215862
52679215867
52680015004
52679729486
52680167480
52680167540
52680167560
52680015109
52680015189
52680167665
52679216242
52680015304
52680227658
52680167800
52680167845
52680167865
52680230193
52680230208
52680170370
52680017874
52680230348
52680230378
52679732546
52679732581
52680018104
52679732651
52679732676
52679732686
52680230603
52679219182
52679732806
52680018209
52680230653
52680230658
52679732846
52679219237
52679732876
52679732886
52680230708
52680230723
52679732926
52679732956
52680230758
52680018339
52679733026
52680230183
52679733031
52680170275
52680170985
52680018379
52679219487
52680018459
52680230938
52680171085
52680230983
52680230998
52679219552
52679219597
52680170950
52680018739
52679736996
52680174985
52680234758
52680234753
52680174950
52679737076
52680022339
52680022299
52680022274
52679737001
52680022364
52680022464
52680022479
52679223452
52679223367
52680022644
52680174890
52680175350
52680235173
52679737451
52680022759
52679737531
52680235268
52679223727
52680235333
52679737606
52680235438
52680235368
52679737591
52679223647
52680235398
52679223442
52680234848
52680022929
52679737726
52680023059
52680235403
52679737941
52680235643
52680235618
52680175770
52680235768
52680028424
52680028414
52679743286
52679228962
52679743311
52680028494
52679743336
52680180960
52679743356
52680241053
52680241093
52680028564
52679229122
52680028529
52679229142
52679743451
52680241218
52679229262
52679743536
52680028754
52680181210
52680241348
52680028849
52679743646
52680181275
52680028924
52680241558
52680181165
52679743376
52679743501
52680028444
52679229667
52680181535
52680241758
52679743921
52680241773
52680181540
52680181530
52679229672
52680029154
52679743971
52680241038
52680180990
52680187510
52679749636
52680034804
52680247443
52679235427
52680034589
52679749346
52680034449
52680187045
52680246973
52680186960
52680260873
52679248582
52679248617
52680260998
52679248647
52679762396
52680261013
52680261168
52680047704
52680200645
52680047799
52680261063
52680200610
52679762266
52679762206
52679762176
52680260893
52679248537
52679762116
52679248812
52680261233
52679762456
52679762491
52679248937
52680048009
52680261288
52679762486
52680200855
52680048014
52679762496
52679248962
52679762516
52679762536
52680048059
52680048064
52680261313
52679762566
52680261323
52680200890
52680200895
52680200865
52680048079
52680200915
52680048099
52680261378
52680200930
52679249017
52679249027
52680261388
52680053169
52679253982
52679253972
52679767731
52680266678
52680266668
52680266658
52680266648
52680266628
52679767681
52680205985
52680205970
52680053059
52680206400
52680053409
52679253892
52679767721
52680206150
52680206165
52680053339
52679254207
52680266813
52679767996
52680206335
52680206345
52679768026
52680053419
52679767916
52679768046
52680206445
52680267163
52680053604
52679768271
52680267178
52680206560
52679768286
52680206585
52679254292
52680267218
52680206595
52680267223
52680267283
52680267263
52679254247
52680206680
52680206715
52679254762
52680206675
52679259887
52679773641
52680211870
52680211875
52679260017
52680211895
52680211905
52680272598
52679773781
52680211960
52679260137
52680212070
52679773916
52679773956
52680059294
52679773576
52680059414
52680059459
52680059469
52680272983
52680272858
52679773966
52680212030
52680211945
52680212240
52679260527
52679774216
52679260622
52680059774
52680273258
52680273263
52679774391
52680059814
52679774396
52679260727
52679260712
52679260717
52680273293
52680273288
52679260722
52680059844
52679260752
52680273343
52679774461
52679260862
52679779401
52680217645
52680278118
52679265612
52680064914
52680278163
52680278158
52680064909
52679265662
52679265697
52680217885
52680278293
52680217935
52679265802
52680065189
52680217740
52679779861
52679779866
52680065334
52680278548
52680218215
52680218230
52679779916
52680278583
52680218345
52680278668
52680218310
52680065574
52679266332
52679266322
52679266352
52680065654
52679780196
52680065504
52680065819
52680065824
52680218375
52679780576
52680279198
52680279178
52680279208
52680279228
52680279158
52679266762
52680218785
52680065969
52680285533
52679273432
52680285473
52680072749
52679273487
52679787196
52680072859
52680285688
52680225455
52680285868
52680285758
52679787356
52679787371
52680072854
52680285728
52680285833
52679273692
52679273787
52680072904
52679273657
52680225550
52679787336
52679273817
52679787516
52680285903
52679273847
52679273682
52680225620
52679787566
52679273872
52680285953
52680072879
52680073074
52680073059
52680072874
52680285973
52679787606
52680073129
52680073119
52680225700
52680073174
52680286043
52679787656
52679787676
52679274027
52680225750
52680286078
52680225780
52680286103
52680079869
52679794731
52680292928
52679280852
52680232235
52680292963
52679794831
52679280967
52679794901
52680293058
52680232420
52679794971
52679281237
52680232450
52679281072
52679281197
52680293163
52680080189
52680080114
52679795051
52679281167
52680232520
52679795056
52679794761
52680232160
52679795106
52679795036
52680293068
52680232295
52680080259
52679280917
52679281252
52679281322
52680080319
52680232660
52680232650
52680080339
52680080344
52680080364
52680232690
52680232765
52680232805
52680293483
52680232825
52680080529
52680293588
52679281557
52680239925
52680087614
52680087579
52680300843
52679802661
52680239830
52679288837
52679288802
52679288782
52680300678
52680300608
52680239735
52679802446
52679802396
52679288657
52680087279
52679802316
52679288567
52680239565
52680239530
52680239510
52680087539
52679802646
52680087484
52679288807
52679288757
52680087379
52680087354
52679802401
52679288662
52680087259
52680239585
52679288472
52679802166
52679802306
52679802346
52679288627
52679802406
52679802581
52680300698
52679288717
52680239560
52679289037
52680301043
52680240140
52680301213
52679802976
52679802966
52680093344
52679294772
52680306673
52679808421
52680245815
52680245810
52680306818
52680306833
52680306823
52679808611
52680093559
52680306973
52679295037
52680093669
52679295167
52680246215
52679295177
52680307173
52679808991
52680093524
52679295272
52680307238
52680307303
52679809141
52680245915
52680094184
52680307553
52679809356
52679295577
52679295582
52679809421
52680094304
52680094334
52680246755
52680306898
52679809536
52680307773
52680246855
52680307848
52680312473
52679814481
52680251510
52679814591
52680099324
52679300627
52679814541
52680312553
52680312743
52679300797
52679300852
52680251880
52679814881
52680251920
52680099539
52679814966
52679300917
52680099624
52679814986
52679814951
52680099584
52680312978
52679815016
52679301002
52680312958
52679301022
52679815051
52679815011
52680252100
52679300987
52680312943
52680252025
52679815121
52680313093
52679815001
52679815226
52680313148
52680099884
52679815251
52680252355
52679301352
52679301412
52679301397
52680100024
52680257530
52680257540
52680257575
52680105214
52680105194
52679306627
52680318538
52680257635
52680105304
52680257680
52680257670
52680105334
52679820926
52679306712
52679306717
52679820981
52679306727
52680257725
52679820986
52680257735
52680105174
52679821011
52680257750
52680257800
52679820841
52680105189
52680318778
52680318773
52679306892
52679306922
52679306947
52680257910
52680257915
52680105539
52679821166
52679306707
52680257990
52680105639
52679306997
52679307007
52680105654
52680105689
52680258060
52680318993
52680105714
52679826066
52680324183
52679826071
52680263035
52680263050
52680324213
52679826121
52680110739
52680324328
52680110734
52680110724
52680324353
52680263245
52680263250
52679826326
52680324418
52680263525
52679312122
52680324513
52679311992
52680110869
52680263180
52680110769
52680263075
52680324223
52680263435
52680263465
52679826581
52679826621
52680111144
52680263595
52680263665
52680111219
52679312312
52680111214
52680263685
52680263715
52679826791
52679826801
52680111324
52680111374
52679826871
52680324843
52680116464
52680116509
52680116504
52680116529
52679317967
52679318002
52680116639
52679318032
52680116659
52680116684
52679318092
52679318097
52680269265
52680116729
52679832171
52680330563
52679318152
52679832211
52679832231
52679832266
52680269360
52680116829
52680269400
52680330713
52680269435
52680269445
52680272240
52679320997
52679835131
52679321017
52679321027
52680272325
52680333378
52680333448
52679835216
52680333433
52679835051
52680272425
52680272510
52680333603
52679835356
52679321162
52679835371
52680120369
52679321227
52679835491
52680120474
52680333793
52679835541
52679321402
52679321427
52680333868
52680272695
52680272815
52680120324
52679835616
52680333853
52680120609
52680272845
52680272905
52680334118
52679835841
52680119964
52680272930
52679835966
52679321847
52679836051
52679840156
52679326022
52680338308
52679326157
52679840111
52680338383
52680125239
52680125249
52680338473
52679840386
52679326307
52680338508
52680338378
52679840551
52680338558
52680125194
52680338618
52679840651
52679840131
52680338773
52679840526
52679840756
52679840776
52679326697
52679326772
52680338933
52680277665
52679840971
52680339063
52680125944
52680125994
52679841036
52679326937
52679326997
52679841136
52679326862
52680126114
52680126179
52680339333
52680277970
52679327217
52680126054
52679841376
52680126354
52679327302
52680345438
52680283970
52679333322
52679847431
52679847421
52680345298
52679847296
52679333187
52680132209
52679333092
52680283750
52679333077
52680283685
52680283780
52679333202
52679333197
52679847391
52680132299
52679333272
52679333287
52680345348
52680132374
52679333317
52680132364
52680345443
52680345448
52680132529
52679333432
52680132569
52679333442
52679333452
52680284135
52680284160
52680132629
52680284200
52679847646
52680284235
52680132699
52680284115
52680345658
52680345698
52680345743
52679333622
52679333642
52680132834
52680345843
52679333707
52679333742
52680132894
52680352353
52680139439
52679339802
52680139509
52680352408
52679339882
52679854571
52679854601
52679854506
52680139629
52680290855
52679854731
52679854761
52680290900
52679854786
52679340092
52679340347
52679339787
52679340267
52679340262
52679854936
52680291030
52680139854
52680139834
52680352768
52679340177
52680290965
52680352723
52680352558
52680291070
52680290905
52680352688
52680139694
52679854686
52679340002
52680352618
52680352608
52680139624
52680139639
52680139619
52679340447
52679340507
52680353043
52679854886
52679340612
52680291325
52680359273
52679346987
52680359343
52680297835
52680146314
52679347027
52680359308
52679347097
52680359298
52679861471
52679346967
52680359288
52680297905
52679347142
52680359458
52679861696
52679347222
52680359558
52680359553
52680298055
52680146524
52679861716
52680298085
52680359598
52679861726
52679861741
52680359658
52680297790
52679347327
52679347377
52680146699
52680298230
52680298255
52680298265
52679347397
52680359773
52680146794
52680146789
52680298355
52679862111
52680298450
52680359698
52679862171
52680147019
52680360048
52680304340
52679868141
52680152854
52680366003
52679868216
52680304415
52679868241
52680366073
52680152944
52680152954
52679353582
52679868401
52679353722
52679353732
52679353767
52680304715
52679353797
52679868536
52680366248
52680366273
52680366313
52680304695
52679868576
52680366348
52680366383
52680153324
52680304665
52679868786
52679868811
52680366573
52679868676
52680153609
52680366668
52679353512
52680153524
52680305085
52679868931
52680366753
52680305125
52679354317
52679868866
52679354322
52680153559
52679354162
52680153604
52680153334
52680153654
52679873626
52680158264
52679873656
52680309780
52679873661
52680371453
52680158304
52680158354
52679359082
52679873691
52679359117
52680158399
52679359147
52680310035
52679873841
52680310085
52679359197
52679873916
52679873966
52680158594
52679359237
52680371618
52680310135
52680371558
52680371743
52680310155
52679873641
52680158669
52679874041
52680310270
52679874091
52679874101
52680310310
52680371903
52680310365
52680310335
52680371688
52679873826
52679874206
52679359527
52679874021
52679359372
52679874026
52679874246
52680158924
52680372033
52680372003
52679365142
52680164284
52680164279
52680315770
52680315790
52680315810
52680377798
52679365167
52680315840
52679365222
52680315845
52680315865
52679880421
52679880431
52679365267
52680315920
52680315880
52679365237
52680377868
52680377923
52679365187
52679365292
52680164439
52680377843
52679365152
52680315830
52680377793
52680315965
52680164289
52679880571
52679880601
52679365362
52679880636
52680164564
52680316065
52680164579
52679365352
52680316095
52679365517
52680316170
52679880771
52680316230
52679880366
52680315895
52679885781
52679370357
52680383213
52680321300
52679885811
52680169949
52679885981
52679885971
52679886091
52680383563
52680321750
52679370837
52679370787
52679886201
52680383593
52679886231
52680321725
52679886226
52679886186
52680321670
52680383578
52680170124
52679370842
52679370712
52679370847
52679370702
52680383528
52679370682
52679370887
52680321550
52680383473
52680383513
52679886046
52680383488
52679370662
52680170089
52680170329
52679370862
52680321915
52680321370
52680383783
52680383788
52680383798
52680321950
52679886471
52680383883
52680327280
52679375802
52679891541
52679375862
52680175569
52679891666
52680388753
52680327360
52680327385
52680388803
52680388823
52679891776
52679376007
52679891841
52679376062
52680175799
52680388938
52679375932
52680175869
52680327435
52679892036
52680327350
52679376267
52679891826
52680176004
52679891646
52679376332
52680389113
52679892316
52680327605
52679376582
52679892476
52680389428
52680389578
52680389598
52680176474
52679891936
52680328000
52680332365
52679897446
52680332415
52680332430
52680332440
52680394088
52679381257
52679897516
52680180819
52679381277
52680332525
52680394068
52680180889
52680180724
52680180934
52679897726
52680394218
52679381402
52679897806
52680181004
52680394368
52680332760
52680332775
52679381537
52679897946
52680394438
52680332905
52679895761
52680330945
52680394708
52679898116
52680181414
52680332715
52680337375
52679902101
52680185499
52679902086
52680398613
52680337325
52680185474
52679385842
52679902071
52680398563
52679902061
52679385807
52679385802
52680337280
52680337260
52679385777
52680398528
52680337255
52680185349
52680185339
52680337205
52679901991
52680185334
52679385832
52680337300
52680398568
52680398578
52679902081
52680185389
52679902136
52680398668
52680337480
52680398558
52680398758
52680337250
52679386082
52680398838
52680398888
52680398928
52680185884
52680337680
52680185859
52680337715
52680185939
52679386357
52680185979
52679908551
52680192119
52679392312
52680192069
52679908511
52679392417
52680192209
52679392492
52679392397
52680404973
52680192204
52679392537
52680343805
52680192324
52680192334
52680405098
52679392632
52679908741
52680343690
52679395982
52679912126
52679396097
52680408433
52679912086
52680347300
52680408533
52679912261
52680347400
52680408563
52680347410
52680408593
52680408588
52679912326
52680408613
52680347455
52680408673
52679396342
52679912391
52680411468
52680350270
52680198429
52680411373
52680198369
52680411368
52679915211
52680350220
52680350215
52680411393
52680198449
52680411433
52680411463
52680350305
52680411413
52679915341
52679399107
52679915361
52679915366
52680198514
52679399142
52679399162
52680198564
52680198589
52680198599
52679399172
52680411558
52679915401
52679915426
52679399192
52680350405
52679399202
52679915526
52680411743
52679399382
52679399372
52680198784
52679915616
52680411878
52680350335
52679399572
52680412003
52679915921
52679399692
52680356450
52680204444
52680204479
52679405007
52680417298
52680417408
52679921461
52679921561
52680417658
52680356930
52679405502
52679921721
52680417693
52679405887
52680205289
52680357220
52680417978
52680205179
52680357100
52680417913
52679405717
52679405637
52680205089
52680356965
52680356900
52680417698
52680205214
52679405477
52679921606
52680204894
52680204824
52680356705
52680357195
52680204749
52680356645
52680417863
52680356610
52680204634
52679921936
52679921406
52679921371
52680204504
52679921301
52680356470
52679921246
52679405942
52679922086
52679405947
