52675918322
52676920603
52676859145
52675918197
52676920568
52676859210
52676859270
52676920678
52675918337
52676710224
52676859275
52676430741
52676920743
52676920753
52675918357
52676920733
52675918362
52675918397
52676920723
52676920718
52676859310
52676710389
52676859445
52676920878
52676920893
52676920908
52676710414
52676710424
52676710234
52676430691
52676859215
52676710439
52676920798
52676710119
52676859125
52676710454
52675918532
52676710469
52676430921
52676920983
52675918492
52676430986
52676430991
52676431066
52676710604
52675918657
52675918717
52676431116
52675918712
52675918642
52676859750
52675918747
52676431156
52676921123
52676859760
52676710689
52676921193
52676859805
52676859800
52676710619
52676859655
52676859840
52676431136
52676859865
52676859885
52675918892
52675918947
52676431306
52676921273
52676431321
52676710804
52676431346
52676710874
52676710884
52675919077
52676431526
52676921508
52676711084
52675919777
52676860740
52675919767
52675919757
52676922123
52676860725
52675919732
52676432031
52676711619
52676711614
52676711604
52676711594
52676711584
52676711579
52676922033
52676922018
52676711564
52676922008
52675919662
52676711544
52676711539
52675919792
52676432116
52676432151
52675919907
52675919722
52676860670
52676922013
52676432206
52676432236
52675919987
52676922358
52676860990
52675920092
52676711969
52676922438
52676432316
52676711904
52676922283
52676432406
52676712804
52675920952
52676923318
52675920922
52676433066
52676433076
52676712719
52676861780
52676712684
52675920797
52676712649
52675920772
52676432896
52676861630
52676712574
52675920632
52676861600
52676433001
52676861870
52676923353
52676923363
52676923358
52675921002
52676433166
52676861910
52676861945
52676433196
52676923388
52676712824
52676861970
52676923413
52676712894
52675921057
52675921082
52676712934
52676433266
52676712959
52675921157
52676433391
52676904319
52677115208
52676111422
52676111397
52677115188
52676625211
52677053815
52677053940
52676625176
52677053945
52677115393
52677115388
52677115383
52677054075
52676111637
52676111632
52676904499
52677054120
52676904529
52677054165
52677115583
52677054220
52677054080
52677054055
52677115338
52677053960
52677054330
52677054335
52676625696
52676625631
52676625736
52676112042
52676904769
52676111897
52676904674
52677054560
52677115848
52677054610
52676904924
52676112152
52676112132
52677115298
52677053975
52676112182
52676905979
52676905934
52676626891
52677116898
52677116853
52676113077
52676905619
52677117103
52676905684
52676905639
52676113242
52676626876
52676113147
52677116873
52676626796
52677055520
52676113052
52676626946
52677055750
52676626976
52676113412
52677117208
52677117233
52676906089
52676113452
52677117248
52676906179
52676906149
52676906204
52676906229
52677117333
52676627201
52677055955
52676113637
52676906304
52677056020
52676906319
52677117468
52676627316
52676627121
52677117228
52676627321
52677117498
52677055830
52677117543
52676627391
52677118153
52677118168
52676114562
52677057090
52677118218
52676907544
52676114837
52676907229
52677118393
52676628326
52676907319
52677057035
52676114667
52676114782
52677057010
52676628301
52676114737
52677056990
52677056925
52677056890
52676628246
52677056975
52676907144
52676628061
52677118368
52676114687
52677056950
52676628176
52676907199
52676628136
52676907164
52676628386
52677118248
52676114612
52676114942
52677056865
52677118463
52676114587
52676907084
52677056790
52676114912
52676628511
52676114597
52677118618
52677057390
52676907664
52676115187
52677118773
52676115367
52677118888
52676629146
52676908329
52677119378
52676629316
52676115882
52677119323
52676629186
52677119238
52676629156
52676629191
52676908229
52676908234
52676115887
52677119353
52676115992
52677058340
52676116142
52677119543
52676116077
52676116047
52677058485
52677119588
52677119603
52676908569
52677058575
52676908679
52676908729
52677058185
52676629886
52676908834
52676908889
52676630011
52676116622
52677058885
52677120098
52676116727
52677058960
52676909119
52676630246
52677059275
52676630326
52676630911
52676117387
52677059750
52676630901
52677120708
52676117367
52676910099
52676910019
52676630896
52676117662
52676117587
52676630906
52677059770
52677120753
52676630851
52677059735
52677120678
52676117572
52677059730
52676909889
52676630991
52676117607
52676909884
52676117627
52676117657
52676630881
52677120983
52677121043
52676631081
52677121013
52676117692
52676910059
52676910029
52677060135
52676630386
52676629071
52676628966
52676910149
52677121233
52677060255
52676118072
52677117503
52677055735
52676631586
52676434631
52676869335
52677122183
52677122553
52677122273
52677122268
52676632406
52677061320
52676911249
52676118737
52676911379
52676911624
52677122778
52676632896
52676119147
52677061720
52676119107
52677122608
52676911314
52677122423
52676632476
52676911119
52676632311
52676632911
52676118752
52677122193
52676118677
52677061630
52676911584
52677061505
52677061770
52677122903
52677061465
52676911349
52676119577
52677123183
52677061970
52677123118
52676911819
52676633226
52676911774
52676632851
52676119392
52676632996
52677122808
52676911594
52677122773
52676632886
52677062760
52676634026
52676912664
52676634031
52676912694
52676120572
52677124028
52676120602
52677062815
52676120697
52677124148
52676912849
52677124158
52676120727
52676634276
52677062990
52677062875
52676634001
52677063035
52676120817
52676120907
52676634306
52676634296
52676913054
52677124453
52677124428
52676120982
52676913094
52676634386
52677063300
52676913119
52676634496
52676121227
52676634786
52676121172
52677124643
52677124018
52676634796
52677124703
52676912634
52676121352
52676634696
52676120532
52677124668
52676121427
52676913579
52677126388
52677065125
52677065065
52676636241
52676122827
52676636161
52677064835
52677064750
52677125998
52677064745
52677125963
52677126078
52676914809
52676914994
52677065015
52676122807
52677126093
52677064900
52676914914
52677064930
52676636091
52676636036
52677064950
52676636126
52676122657
52677126023
52677126013
52677064995
52676122712
52676914969
52676122897
52677065030
52677065085
52676123097
52677065175
52676123227
52677126543
52677065315
52676915329
52677065360
52677126618
52676914749
52677126668
52676915539
52676637476
52677127578
52677066400
52676637566
52677127643
52677066465
52676916534
52676637606
52677127673
52677127693
52676916624
52676637726
52677066660
52676637801
52677066820
52676637526
52676124722
52677127888
52676124742
52676125302
52676638076
52677066870
52676916629
52676124877
52677128163
52677067030
52676638206
52676638201
52677067215
52676917284
52677067305
52676125297
52676917359
52676125357
52677128493
52676125447
52676125402
52676638406
52677067090
52676916634
52677128763
52677128818
52676125667
52676125737
52677068890
52676126827
52677068930
52677129958
52676640216
52676640271
52677130073
52677069115
52676918859
52677069210
52677130213
52677130363
52676919189
52676640586
52676919194
52676919199
52676640576
52676127377
52676919294
52676127452
52677069525
52677069550
52676127367
52676127447
52677069765
52676919629
52676127102
52677069775
52676127797
52677130923
52677070005
52677130938
52676127807
52676127872
52677070095
52676919859
52676641091
52676641936
52676920869
52676920849
52676920799
52676128942
52677132033
52676128907
52677071005
52676128862
52676128867
52677071070
52676920844
52677132013
52677071115
52677071150
52676128952
52677071155
52677071195
52676920979
52676129092
52676129107
52676129127
52676642106
52677132258
52676921069
52676642171
52676129192
52676129187
52676129042
52677132338
52676642266
52677071510
52676642511
52676129302
52677071740
52676129612
52676129687
52676129827
52676921614
52676921584
52677071990
52676642021
52677073780
52677134598
52676644281
52676644041
52676922744
52677073400
52676643771
52676643791
52677134228
52676131157
52677073000
52676922734
52677133968
52677072805
52676922569
52677134088
52677073080
52676922904
52676644066
52677073335
52676644161
52676923199
52676131512
52677073435
52676131547
52676923299
52677073640
52677134368
52676131587
52677134058
52676644146
52676644611
52676644661
52676131732
52677134388
52676923524
52676132082
52676133022
52677136003
52676924784
52676645206
52676924904
52677136123
52676644826
52676131922
52676923629
52676645821
52677134733
52677136203
52676131452
52677073300
52676643101
52677075295
52677136248
52677136228
52677136093
52676925129
52676646096
52677075280
52676925284
52677133433
52676646246
52677075580
52677075610
52676646366
52676922059
52676646431
52676133667
52676921989
52677138103
52677077100
52676135032
52676647796
52677138063
52676135017
52676647826
52676135042
52677138128
52677138118
52677077120
52677138138
52676135152
52676135142
52676647881
52676647921
52677138243
52676927094
52677138238
52677138248
52677138253
52677138288
52677138278
52676647931
52676647981
52676135347
52676927189
52676648016
52676927199
52676648061
52676648066
52677077380
52676648091
52677077375
52676648116
52677138483
52677138453
52676648146
52676927309
52676135562
52676927359
52677138568
52677138523
52677138608
52676927404
52677138638
52677077185
