52688869658
52687857007
52688869623
52687857082
52688651534
52687857112
52687857147
52688651629
52688651619
52687857142
52688378771
52688378781
52688651689
52687857172
52688869858
52687857197
52688378811
52688378816
52688378826
52688870028
52688651644
52687857132
52687857462
52688801645
52688869913
52688870083
52688869593
52688869918
52688379061
52687857167
52688652794
52688801765
52688801720
52688378996
52688652024
52688801835
52688652129
52688801850
52687857747
52687857757
52687857802
52688378981
52688378971
52687857857
52688379376
52688802060
52687857882
52688379346
52688379501
52687857852
52688379336
52688379511
52688379531
52687857807
52688802275
52687857762
52688652034
52688652549
52687858207
52688802395
52688379711
52688802450
52688652764
52687858327
52688802575
52687858767
52688653119
52688653079
52688871263
52687858577
52688380351
52687858787
52688871378
52687858717
52687858667
52687858602
52687858547
52688802760
52688802765
52688871218
52688380071
52688380171
52688653169
52688653164
52688802940
52688653189
52688380236
52688653209
52688380251
52687858842
52687858637
52688871488
52688803075
52688653259
52688653284
52688380336
52688803120
52688871233
52687858907
52687858922
52688803135
52687858967
52688803160
52688653344
52687858982
52688653374
52688653384
52688653379
52688653404
52688871708
52687859152
52688653599
52688803390
52687859197
52688653619
52687859107
52688871828
52688380701
52687859307
52688380751
52688803545
52688653759
52688380806
52688653849
52688653864
52688803685
52688871868
52688653604
52687859487
52687859482
52688872113
52688653924
52688653939
52688872163
52688381021
52688872178
52688381061
52688872143
52688872273
52688872268
52687859647
52687859672
52688654104
52688654134
52688872418
52688796219
52688522671
52688946195
52689015688
52689015668
52688001197
52688001187
52688946240
52689015698
52689015733
52688522751
52689015738
52688796379
52689015763
52688946310
52688001287
52688001307
52688946405
52688001397
52688796464
52688001422
52688946505
52688796554
52688523081
52688946760
52688796819
52689016343
52688524311
52688002922
52688523951
52688797564
52688947515
52688002807
52688002587
52688947550
52689017018
52688524046
52688947630
52688797704
52688524086
52688002787
52689017098
52688947685
52689017108
52689017153
52688002732
52688002622
52688797639
52689017208
52688002712
52688947500
52688524211
52688524266
52689016943
52688524296
52688524276
52688947850
52688524336
52688523896
52689017303
52688797384
52688798119
52689017388
52688524406
52688002962
52688948110
52689017408
52688948140
52688798624
52688798659
52688524896
52688798709
52689017888
52688948680
52689018058
52688525151
52688798854
52688798829
52688003592
52688948800
52689018108
52688948455
52688003787
52688948875
52688798569
52689017768
52688949125
52688799264
52688004217
52689018463
52688799269
52688799314
52688525666
52688799449
52689018643
52688949235
52688004432
52688949295
52688004462
52688949475
52688523316
52688525361
52688523881
52688799819
52689014203
52688949655
52688710619
52689019883
52688005392
52689019478
52688526661
52688005257
52688526761
52688526766
52688800599
52688526776
52688950325
52688526636
52688526916
52688526901
52688800639
52688800699
52688526941
52689019493
52688950445
52689019468
52688527056
52688005717
52689019973
52689019588
52688950745
52688005842
52689020063
52688527176
52688006112
52689020113
52688527116
52688526791
52688801179
52688950820
52688950490
52688950855
52689019718
52688801254
52688801309
52688801314
52688801299
52688801339
52688801384
52688950685
52689020283
52688801439
52688801469
52688951110
52689020328
52689020423
52688951210
52689052984
52689202455
52688258657
52689052769
52689052744
52688258527
52689202200
52689202175
52688258347
52689272713
52689272668
52689052374
52688780036
52688258067
52688779931
52689201770
52689052204
52689052309
52688258142
52688780096
52688258337
52688258417
52688258232
52689202260
52689052714
52689272888
52688258597
52689273033
52688258612
52689273038
52688258682
52689273143
52689273148
52688780351
52689273208
52688258762
52689202565
52689053044
52689273288
52689202480
52689052919
52688780756
52688259017
52688258757
52688259122
52689053209
52689273703
52689203375
52689053859
52688259727
52688259887
52688259977
52689203870
52688781901
52688781616
52689203930
52689274823
52688260332
52689274873
52689204100
52689054689
52688260392
52689054714
52688781921
52689274973
52689275128
52689204135
52689055054
52689055014
52689054914
52689204310
52689275063
52688260927
52689204740
52688781951
52689204825
52689055424
52689204850
52688782751
52688782771
52688260142
52688782731
52688261262
52689275663
52688782846
52688782906
52689205045
52689277338
52688784461
52689057074
52689057054
52689277513
52689277423
52689277383
52689277353
52688262767
52688262722
52688262687
52689277128
52689206190
52689206125
52689056639
52688262492
52689206140
52689206835
52688262607
52689056714
52689206755
52689277108
52689277298
52688262517
52688262817
52689277393
52689056824
52689206420
52689277458
52688784111
52689206510
52689057094
52689277573
52689277583
52688784471
52688263097
52689277683
52689057184
52688784581
52688784576
52689057244
52688263252
52688263272
52689277948
52688263407
52688263682
52689058949
52688786226
52689058629
52689208385
52689058739
52689208295
52689208395
52689279368
52689208430
52688786321
52689279428
52688264832
52689208485
52689208480
52688786286
52689058789
52689208600
52689059019
52689279518
52689208640
52689208450
52689279753
52688786606
52689279748
52689059119
52688265072
52689059129
52688786636
52689279843
52688265167
52688265152
52688265147
52688265177
52688265187
52688265217
52689280058
52689209020
52689059374
52688265367
52689059154
52689209180
52688786996
52689209065
52689165799
52689165489
52688371342
52689165589
52689386438
52688894666
52688371452
52689386513
52689386573
52689315705
52689165704
52689165774
52689165779
52688371517
52689316095
52688894846
52689315805
52688894841
52689316050
52688895136
52688894806
52689165669
52688894951
52689315925
52688371567
52689386618
52689165954
52689386768
52688895021
52689315680
52689386413
52688894541
52689386888
52689166069
52688371832
52689316160
52688371907
52689387013
52689386908
52688894736
52689166349
52689387138
52689315750
52688372202
52689168314
52689318120
52689388643
52688373857
52689168149
52688373982
52689389008
52688373997
52689168414
52689388923
52688374012
52689388858
52689168269
52688374057
52689388888
52689388838
52689388893
52689168194
52688897851
52688897371
52688374122
52688897096
52688897471
52688374202
52688897066
52689388993
52689318440
52688897491
52689389028
52689318540
52688374292
52688374457
52689168639
52689168649
52689168634
52688897706
52689318740
52688897756
52688374192
52688374597
52688897776
52688374702
52689389403
52688373977
52688897926
52689171159
52688899976
52688899936
52689391458
52689391463
52689391493
52689171034
52689391523
52689171059
52688899946
52689171054
52689171094
52689321080
52688900036
52689171229
52689171204
52689171259
52689171249
52689391648
52688376947
52689391703
52688377022
52689171069
52689321335
52689321365
52688377112
52688377127
52689391863
52689321465
52689171524
52688900401
52688900386
52688377242
52689171589
52689171624
52689171629
52689321625
52689321560
52689391943
52688900571
52689321685
52689171784
52689171894
52689392398
52689174259
52688379517
52688379737
52689173784
52689394063
52689323470
52689394083
52689323455
52689173719
52689173744
52689173759
52688902601
52689173774
52688379537
52688902621
52688379582
52689173814
52689173839
52688902701
52688379627
52688379662
52688379707
52689394368
52688379677
52689173939
52689394433
52688902501
52689394448
52688902831
52688379617
52689394488
52689174024
52689323920
52689323975
52688379932
52689324000
52689174194
52689174204
52689324050
52689174279
52689394793
52688903161
52689324210
52689324235
52688903226
52688902561
52689394108
52688903336
52689326255
52688381847
52689175999
52689396458
52689325935
52689396488
52689396548
52689396568
52688904701
52688904716
52689176139
52689326070
52689326060
52688381907
52689396688
52688904806
52689326125
52689176254
52689326195
52689396793
52688382077
52688904916
52689396888
52689176304
52688382147
52689176324
52689176334
52688904706
52689396658
52689326365
52689326390
52689397053
52688382347
52688905201
52689326610
52688382487
52688905286
52689176679
52689326300
52689396753
52688381762
52689397358
52689397568
52688382882
52689178519
52689328525
52689328530
52689328515
52689399068
52689178609
52689178599
52688907131
52689399123
52689399153
52689399143
52689178704
52688384427
52689178834
52689178914
52688384562
52689328925
52689328935
52689178819
52688907231
52689399233
52688907396
52689399398
52689178899
52689399308
52688907111
52689328615
52688384697
52689329060
52689399568
52689329225
52689399618
52689399678
52689399673
52688384982
52689179234
52689329420
52689399148
52689329490
52689179424
52689329610
52689399708
52689329780
52689178554
52689329940
52689328960
52688387487
52689402113
52689181609
52688386957
52689181279
52689331610
52688386947
52689181319
52689181399
52688909631
52689331655
52689402048
52688387202
52688909571
52688387172
52689181519
52688387147
52689401853
52688909721
52689181364
52688909656
52688386997
52689401758
52689332485
52689331985
52688910001
52689331990
52689402188
52688909696
52689181379
52689181994
52689181909
52689402343
52689332265
52688387672
52689182009
52688910351
52688387822
52688387722
52689182034
52689183784
52688912141
52688912106
52689334150
52689183699
52689183679
52689334050
52688911991
52689334000
52689183604
52689183549
52688389282
52688911941
52689404048
52689334045
52689334065
52689404103
52689183684
52688912066
52689334175
52688389527
52688389537
52688912196
52689183824
52688389577
52689404028
52689404313
52689404308
52688389602
52689334195
52689334280
52689334300
52689334060
52688912411
52688389762
52689334370
52689184004
52689334405
52689404563
52688912441
52689334435
52688912471
52689404588
52688912481
52689183639
52689404683
52689334595
52689404813
52689406428
52689406418
52688914651
52689336530
52689336555
52689186004
52689406623
52689406648
52689406568
52689336715
52689406763
52689406823
52689186289
52689336865
52688914876
52689406943
52689336525
52689406968
52689336940
52688915081
52688391827
52689186469
52688391787
52689336880
52689337150
52689337055
52688915051
52689337100
52688392402
52689186419
52689186264
52689407288
52688915391
52689186724
52688915431
52689407393
52689407388
52689186929
52689407413
52689407028
52688915591
52689186974
52689337075
52688917541
52689409718
52689409753
52689409953
52688917971
52689410078
52689189394
52689189299
52688917486
52688917931
52689411028
52688395982
52689410993
52688919131
52688919261
52689411183
52688919416
52688396232
52688396197
52689411133
52688396272
52689340910
52689341020
52689341045
52688919516
52689190519
52688396022
52688919551
52688396112
52688396382
52688919571
52689341155
52689411373
52688396087
52688919596
52689190304
52688396042
52688919631
52688396447
52688396462
52689190209
52688919651
52689190684
52689190194
52689341245
52689190724
52688396362
52688396202
52688919036
52689190769
52689190764
52689341290
52689411003
52688919796
52688919136
52689191974
52689412888
52689192029
52688398017
52689413028
52689342705
52689192154
52689192334
52689192479
52689192619
52689192614
52689413538
52688921561
52689192739
52688921626
52689413658
52689192779
52689192784
52688921461
52688921746
52689413808
52689342735
52689192979
52688922081
52688922106
52689343555
52688921456
52689193174
52689193109
52688398562
52688399127
52688399142
52689343655
52689414038
52688922241
52689343395
52689413203
52689413873
52689345835
52689345785
52689195164
52689415998
52689345575
52688400932
52688923831
52689415728
52689194674
52688923601
52688400517
52689194394
52689194279
52689344840
52689194179
52689194159
52689415163
52689194239
52689344880
52688923316
52689415313
52688400412
52688400462
52688400442
52688923436
52688400432
52688400397
52689415353
52689345135
52688923486
52689415348
52688400612
52688400642
52688400212
52689345345
52688923931
52688924006
52688401227
52689345865
52688401377
52689195214
52689416388
52688924121
52688923611
52689346490
52688404737
52688404747
52689419553
52689198764
52688927656
52689419648
52688927706
52688927691
52689419663
52689349410
52688404907
52688404932
52689198999
52689349610
52689199014
52688927776
52689349355
52688927876
52689349665
52689349680
52688927916
52688927906
52688405127
52688927926
52689349705
52689199169
52689199059
52689199274
52689420058
52688928126
52688928171
52689349980
52689349995
52689420133
52689199349
52689420113
52689420243
52689420303
52689420403
52689199684
52689420543
52689422953
52688408267
52689423068
52689423098
52688931426
52689423168
52688931401
52689423208
52689202634
52688931516
52689353100
52688931586
52689202414
52688931616
52688408612
52688931271
52688408232
52689353200
52689353400
52688931671
52688931781
52689353285
52688931761
52689353320
52689202684
52689423113
52689202599
52689423003
52689422903
52689203049
52688931831
52688408387
52689353005
52689423078
52689353550
52688408297
52689353510
52689202879
52689423753
52689202849
52688408937
52689203219
52689353630
52689423933
52689424078
52689357630
52689357445
52688935321
52689426773
52689426728
52689426673
52688935131
52689206494
52689206309
52689206204
52689356610
52689206234
52688934716
52689356650
52689206294
52688412197
52688934856
52689356780
52688934941
52688412307
52688412272
52689206489
52689426868
52688935021
52689206584
52689427078
52688934721
52689206604
52688412437
52688412427
52688935216
52689427163
52689206764
52689206824
52689357235
52688935316
52689357470
52688934666
52689207384
52689357875
52689430468
52689209839
52688415572
52689360160
52689430833
52688415637
52688415577
52688416287
52688938926
52688938376
52689430203
52689209954
52688938891
52688938841
52689210369
52689430568
52689360320
52689360555
52689430458
52689430328
52689430368
52688938441
52689209964
52688415667
52689209849
52688416397
52689210644
52688938631
52688416292
52689360780
52689360485
52689430348
52688938391
52689430838
52689210254
52689210594
52689360965
52689360580
52689361140
52688939236
52689431153
52688939196
52688939146
52689430928
52688416592
52689434048
52688419572
52688942321
52689364215
52688942466
52689364225
52689214069
52689214099
52689364350
52689434293
52688942646
52689434343
52689434378
52688942626
52689214189
52688942536
52688942746
52689434478
52689434508
52688942696
52689434548
52689364615
52688942901
52688943306
52688420242
52688420287
52689214424
52688942451
52689213954
52688943056
52689434768
52689434773
52688420372
52689364910
52689214634
52689365015
52689435083
52689214809
52689214794
52688942631
52689364195
52688943486
52689435293
52689365370
52689435338
52688943766
52689219279
52689369045
52689369005
52689218784
52689438758
52688424387
52688424342
52688424292
52689218579
52688947141
52689368845
52689368895
52688947206
52688424382
52689218709
52689368955
52689218754
52689438768
52688947321
52688947331
52688424482
52689438913
52689218849
52689369130
52688424662
52689369235
52688947471
52689439028
52689439063
52689369295
52689439088
52689439143
52689219124
52689439148
52689439193
52688424832
52688947231
52688948096
52689219679
52689368890
52689222029
52688427627
52688950546
52689442163
52689372285
52689221844
52689221849
52689372330
52689442223
52689221924
52689221919
52689221994
52688950756
52688427892
52688427912
52689222089
52689442433
52688427967
52688950946
52689222204
52688950931
52688427862
52689442533
52689442553
52689222349
52689222059
52688951176
52689372830
52689372835
52689372865
52688428352
52689372960
52688951356
52688428527
52688428652
52688954031
52688954066
52688431077
52689375745
52689225194
52688954091
52689375730
52688431127
52688431137
52689445698
52689375810
52689375845
52689375820
52689225354
52689445763
52688954191
52688431207
52689445788
52689375920
52689445803
52689445768
52689375935
52688954301
52688954336
52689225464
52689445918
52688954396
52688431337
52689445933
52689376085
52689376100
52689225539
52688954451
52689225584
52689225594
52688954496
52688431422
52689376175
52689376190
52688954486
52689446163
52689228419
52689228464
52688957451
52689378840
52689228509
52689228574
52688434312
52688434327
52688957621
52688434342
52688957591
52689449073
52688957636
52689228649
52688434457
52689449083
52689449078
52688434437
52689379030
52689379130
52688957781
52688434577
52688434242
52689228904
52688434637
52689228919
52689228819
52688434667
52688957856
52688957606
52688957541
52689379335
52689229019
52689229069
52688434807
52688958326
52689379510
52689229219
52689229224
52689379530
52689449358
52689449578
52688435027
52688434417
52688958381
52689449678
52689229494
52688961576
52689232629
52688438617
52688438642
52689382890
52689453018
52689382940
52689382945
52688961621
52688961646
52689453063
52688438762
52689383000
52688961751
52688961771
52689382985
52689383120
52688961856
52689383145
52689232914
52689453283
52689232979
52689233014
52688438947
52688438962
52688961981
52689453303
52688961956
52688438977
52689233054
52689383215
52689453348
52689233094
52689453363
52689453358
52688438827
52688438742
52689383275
52689383280
52689453383
52688438912
52688439027
52689233179
52688439107
52689383385
52689453613
52689233534
52689383585
52688965111
52688442002
52689456528
52688965581
52688442457
52688442527
52689386880
52689456893
52689386950
52689387000
52689457008
52689236839
52689457073
52688965896
52688966011
52688966001
52689457163
52689387065
52688442817
52689457228
52689457243
52688966161
52688966176
52688442872
52689387370
52689457338
52688442997
52689387470
52688442632
52688966531
52689390050
52688969196
52689460268
52689389750
52689239929
52689389980
52689389575
52688445562
52688968781
52689239554
52688445547
52688445172
52688445522
52688969066
52688445467
52689239759
52689389795
52689239704
52689389755
52689389710
52688445247
52689459928
52688445487
52688969071
52689459913
52689459888
52689389970
52689240004
52689460363
52689240064
52688445692
52689390095
52688445687
52688969086
52689459848
52688445702
52689460418
52689460438
52689239779
52689240239
52689390045
52689460198
52689243439
52689393485
52688448742
52689463358
52689242874
52689463263
52689392930
52689242934
52689463313
52688972156
52689463323
52689393015
52689393035
52689463343
52689393030
52688448557
52688448647
52689393085
52688972196
52689463423
52689393245
52689243139
52689393380
52689243204
52688449007
52689463773
52688972676
52689393585
52689463933
52689463653
52688972821
52689463868
52689243084
52688972866
52689464018
52688448857
52689393225
52689463453
52688972681
52689463953
52689393875
52688975546
52688452012
52689246079
52688451972
52688975646
52688975736
52689396655
52689396770
52688975896
52688975916
52688452317
52689396925
52689396920
52689246509
52689467358
52688452452
52689396845
52688975576
52689246609
52689246039
52688976181
52689467453
52689246639
52689246694
52689397100
52689467423
52689246589
52689397130
52689396895
52688976226
52689396725
52689467103
52689467008
52688976336
52689467528
52688976451
52688452772
52689467653
52689246944
52688452887
52689467718
52689246974
52689467833
52689400210
52688979686
52688979696
52688455812
52688455857
52689470778
52689470753
52688455962
52689250219
52688455992
52689400385
52688456072
52688979951
52688979931
52689470938
52689400270
52688980226
52689471068
52689250514
52688980261
52689471203
52688980186
52689471098
52688980321
52689250644
52689471053
52688980076
52688456512
52689250734
52689400840
52688456167
52688980456
52688456552
52689250809
52688980606
52688980236
52689251084
52689474503
52689404110
52688459422
52688983241
52689253629
52689403955
52689403950
52689474218
52688983496
52689474233
52688459507
52688459522
52689404090
52689253864
52688459402
52688983746
52688459877
52688984041
52689474763
52688459917
52689404530
52689474888
52688984091
52689404500
52688459922
52689404470
52689474703
52689474633
52689254134
52689474498
52689254549
52689404230
52689474423
52688983601
52689475063
52688983551
52689404010
52689404780
52688984351
52688983336
52688984116
52688983756
52688459357
52688460352
52689404305
52689258204
52688463772
52688987896
52688987871
52688987726
52689257929
52689257889
52689408110
52689257714
52689257664
52688463322
52689408025
52689408040
52688987601
52688987631
52688463437
52689408205
52688463527
52689408070
52688463582
52688987821
52688463702
52689478543
52689478568
52689408640
52688988176
52689408825
52689479078
52688463677
52688464242
52689479098
52689258524
52688988281
52688988216
52688464042
52688988716
52688464492
52688988726
52688464687
52688988926
52689411935
52689261779
52689411920
52689411915
52689411895
52688467072
52689482153
52689411880
52688467047
52689482113
52688991296
52689261659
52688467392
52688467257
52689411995
52689411950
52689482193
52689261749
52689482108
52688467077
52688991416
52689261769
52689261824
52689482203
52689482313
52688467302
52689412055
52689261944
52689482403
52689482393
52689261954
52689482478
52689412195
52689482508
52689262029
52688467487
52689482633
52688991846
52688991866
52689412485
52689412490
52689482823
52689262319
52689262374
52689482968
52689262649
52689262854
52689266509
52688472167
52689266779
52689416820
52688996266
52688472102
52688996391
52689416895
52689487073
52688996331
52689487023
52689416890
52689266624
52688471982
52689266494
52689266689
52689416965
52689416975
52689487238
52689266744
52689487288
52689266784
52689487283
52689266614
52689487333
52688996491
52688996496
52688472207
52689266834
52689487383
52689487438
52688996581
52688472292
52689487433
52689417035
52689266944
52689417215
52689487473
52688472357
52689266759
52689417430
52688996766
52689266789
52689487763
52688996936
52689417520
52689417570
52689417555
52688472777
52689422000
52689421830
52688477187
52688477192
52689271734
52689001771
52689001761
52689492463
52689271894
52689001906
52689002006
52688477387
52689001966
52689492683
52689272159
52689492743
52689492733
52689422100
52689493113
52689272379
52689422200
52689422175
52689002216
52689492818
52689421815
52688477707
52688477752
52689492598
52689422515
52689002351
52688477832
52689422435
52689493153
52688477907
52689272539
52689002436
52689002356
52689002561
52688478027
52689421960
52688478097
52689272739
52688478102
52689001956
52689272859
52689002796
52689497468
52689007041
52689426950
52688482362
52689007011
52688482322
52689277049
52689277044
52688482292
52689497403
52689497393
52689426845
52689006931
52689277024
52689426815
52689276994
52689497298
52689426685
52688482117
52689276819
52689276764
52689497098
52689006641
52688481922
52689276684
52689276699
52689497108
52689276809
52689426515
52689276804
52689497233
52689276904
52689006741
52689276914
52688482252
52689497383
52689427000
52689007076
52689497503
52688482447
52688482507
52689277294
52689277369
52689427320
52689497798
52689497873
52689497933
52689007666
52689430670
52688486292
52689501423
52689430715
52689502343
52689430760
52689430785
52689281004
52689281839
52689501558
52689281814
52689501578
52689011781
52689281759
52689501638
52689501643
52689281724
52689281189
52689501473
52688486557
52689011376
52689502013
52689281314
52689281514
52689281469
52689431065
52689430990
52688486737
52689430950
52689431140
52688486792
52688486502
52689431225
52689281164
52689501338
52688486447
52689281719
52688487052
52689431505
52689281789
52688487142
52689430955
52689502503
52689430975
52689281829
52689016261
52689436125
52689506618
52689016286
52689286444
52689506613
52689016291
52688491502
52689436100
52689506653
52689286554
52689286564
52689506708
52689436245
52688491642
52689436295
52689436285
52689506778
52689286544
52688491702
52689506798
52689016516
52689016391
52689016546
52688491722
52689016631
52688491497
52689016641
52689506988
52689016751
52689286839
52689436635
52689507113
52689286914
52689016991
52689287069
52689436945
52689017181
52689017166
52689287304
52689287319
52689287364
52689440745
52689440760
52689291274
52689021241
52689021266
52689511628
52689511648
52689021256
52688496522
52689291344
52689291359
52689511698
52689021396
52689291374
52689440895
52688496612
52688496602
52688496647
52688496682
52688496742
52689440990
52689291514
52689441050
52689021511
52688496792
52688496777
52689021551
52689291604
52688496857
52689441150
52689441130
52689291684
52689441065
52689512158
52689291769
52689291384
52689291329
52689512293
52689021951
52689441500
52689022011
52689295354
52688500867
52688500977
52689295514
52689025541
52688501052
52689025701
52689025696
52689516103
52689445005
52689445060
52689516168
52689025816
52689025846
52689516233
52689445045
52688501677
52689445135
52689445145
52689295779
52689445185
52688501502
52688501382
52688501397
52689516338
52689445290
52688501417
52688501427
52688501457
52689516468
52689295909
52689295664
52689295944
52689515998
52688500922
52689515853
52688500812
52689296034
52689026266
52689516653
52689026306
52689445680
52689296264
52689026431
52688501907
52689446000
52689449785
52689449750
52688505652
52689520583
52689030366
52689520573
52688505632
52689030321
52688505687
52689520738
52688505762
52689300399
52689520828
52689030571
52689300424
52689449655
52689300334
52689449920
52688505987
52688505862
52689520628
52689449970
52689300604
52688506067
52689300614
52689030721
52689521063
52689450000
52688506087
52688506102
52688506122
52689030786
52689521143
52689300754
52689450175
52689450235
52689030891
52689450345
52689812525
52688870587
52688870552
52689663394
52688870607
52689812520
52689885103
52688870567
52689812495
52689885083
52689812555
52689394231
52689394226
52689885218
52689885208
52688870732
52689885403
52689812790
52689663644
52689394556
52689394571
52689394606
52689394701
52689885613
52689394811
52689885478
52689394911
52689885893
52689394956
52689663549
52689885133
52689811900
52688870032
52688871617
52688871622
52689390946
52689881853
52688875292
52689398566
52688875062
52688875247
52689889943
52689398586
52689668119
52689398551
52689398541
52689889853
52689668044
52689889818
52689667979
52689889798
52689667969
52689398431
52689816940
52689398391
52689398326
52689667854
52689889693
52689667959
52688875132
52688875147
52689668179
52689668189
52689668219
52689668244
52689889918
52689890043
52689890108
52689890193
52689668429
52689668489
52689668564
52688875697
52689668594
52689817600
52689890558
52689890228
52689668629
52689668829
52688875467
52688875987
52689817795
52689817830
52689399416
52688876122
52689673049
52688880872
52689673039
52689673029
52689895013
52689673019
52689822360
52689672969
52689403691
52689894918
52689403646
52688880742
52688880727
52689894838
52689894823
52689403626
52688880687
52689672894
52689822325
52689403771
52689403781
52689403776
52689822505
52688880987
52689822620
52689895378
52689403826
52689673439
52688881202
52689673489
52689404096
52689673524
52689404216
52689403921
52689673564
52689895523
52688881407
52689895568
52688881462
52689673689
52689822985
52689823040
52689823035
52689404461
52689673819
52689895833
52689899683
52689899628
52689827025
52689677754
52689899748
52689408621
52688885852
52689408566
52689899908
52689677964
52689827395
52688886022
52688886032
52688886142
52688886147
52689408836
52689827575
52689827665
52688886262
52689678259
52689409031
52689899608
52688885812
52689678359
52689678369
52689408721
52688886532
52689900433
52688886547
52688885917
52689828015
52689409291
52689678574
52689827010
52688886722
52689409396
52689828230
52689828285
52689678644
52689900808
52688886987
52689831815
52689831795
52689682229
52689904078
52689682204
52689412711
52688890112
52688890097
52689682124
52689682094
52688890042
52689903938
52689682039
52688889992
52689682334
52689682074
52689903933
52689903978
52689831670
52689682189
52689682259
52689682319
52689831975
52689831995
52689832045
52688890397
52689831755
52689832105
52689831605
52688890482
52689904463
52689832230
52689682679
52689682644
52688890612
52689682749
52689682824
52689904668
52689682829
52689682449
52689413431
52689904808
52689413486
52689416561
52689685814
52689835205
52688893342
52689685704
52689416061
52688893387
52689907738
52689416191
52689416331
52689907883
52689907918
52689416271
52689835845
52689416726
52689416731
52688893922
52688893917
52689416721
52689908253
52689835820
52689416676
52688893797
52688893792
52689686114
52689908488
52688894032
52689835280
52689686454
52689686259
52689686504
52688894352
52689686589
52689686699
52689686669
52689836005
52689686429
52689836200
52689417121
52689686384
52689686804
52689835670
52688897342
52689690009
52689911583
52688897152
52689689844
52689689894
52689911558
52689420461
52688897262
52688897232
52689911523
52688897377
52688897177
52689911658
52689420261
52689839390
52689420571
52688897512
52689690214
52689911813
52689690284
52689690279
52689420691
52689420696
52689839655
52688897597
52689690269
52689911868
52688897657
52688897647
52689690334
52689911933
52689690384
52689839720
52689839725
52689420831
52688897697
52688897702
52689421056
52688897947
52688900812
52689423801
52689693879
52688901122
52689693604
52688901232
52688901297
52689694134
52689694199
52689843465
52688901462
52689843605
52689424511
52688901542
52689843580
52689424571
52689843505
52689694314
52689424451
52689694404
52688901612
52689843640
52689915653
52689694029
52689694409
52688901897
52689424841
52689693759
52689844110
52688902032
52688902042
52689918263
52688904177
52689846350
52689427076
52689846310
52689427071
52689846270
52688903962
52688904532
52689846435
52689918053
52688903997
52689696819
52689918043
52689918313
52689846255
52689918293
52689697019
52689427251
52689427296
52689696929
52689918403
52689918168
52688903972
52689427531
52689846230
52689697419
52689918723
52689846905
52689918958
52688904652
52689919018
52689918993
52689428026
52689847150
52689697564
52689847120
52689696779
52689850555
52689701239
52689850465
52689922393
52688908052
52689431596
52688908097
52689431646
52688908132
52689850450
52688908147
52689701274
52688908257
52688908262
52689701279
52689922563
52688908297
52689922593
52689701354
52689701414
52689850760
52689922298
52689432011
52689432001
52689701494
52689922473
52688908202
52689432031
52689922983
52688908502
52689922818
52689850560
52689701629
52689923098
52689923113
52688908312
52689701284
52688908832
52689923288
52689432391
52689922338
52689851280
52689701579
52688908447
52689850395
52689923333
52689851415
52689928208
52688913917
52689856660
52689856615
52689928098
52688913837
52688913842
52689928173
52688913902
52689437511
52689707369
52689437431
52689707404
52689437551
52689707419
52689437596
52689707459
52689856765
52689928328
52689928348
52688914047
52688914042
52689437706
52689856905
52689856945
52689928483
52689707694
52689928533
52689707729
52689707749
52688913932
52688914297
52689437971
52689928563
52689438026
52689707819
52689707859
52689928693
52689707909
52689438116
52689928748
52689707954
52689438161
52689857385
52689438341
52689443986
52689934413
52689934368
52688920072
52689862630
52689934293
52689713534
52689443816
52689934213
52689862560
52689443841
52688919997
52689862625
52689443871
52689862670
52689934403
52689443971
52689862805
52689443981
52689934463
52688920257
52689934558
52689862920
52689934608
52689713839
52689444146
52689934678
52689934668
52689934663
52689713909
52689863035
52689863060
52689934643
52689934533
52689713969
52688920537
52689863130
52689444311
52688920202
52689863190
52689934828
52689444346
52689863200
52689863210
52689934873
52688920682
52689863215
52688920717
52689939378
52688925327
52688925302
52689939303
52689718579
52689718569
52688925267
52689939368
52688925377
52689718729
52689718724
52689718794
52689718879
52689448801
52689718959
52689448871
52689867940
52689868215
52688925672
52689448891
52689448531
52688925737
52688925697
52688925227
52688925757
52689939778
52688925472
52689449051
52689449086
52689939878
52688925967
52689868085
52689719239
52689868465
52689939963
52689868480
52689939988
52689940013
52688926047
52689449171
52688926127
52689944123
52689453056
52689872705
52689452986
52689872625
52689723229
52689452826
52689943728
52689943693
52689723084
52689872345
52689723029
52689872235
52689452471
52689872065
52689943363
52689452386
52689872080
52689452486
52689943473
52688929527
52689943513
52689943533
52689722984
52689452666
52689452691
52689943648
52689452751
52688929822
52689723129
52689452781
52689723244
52689872570
52689452956
52689872675
52689453021
52689453016
52688930117
52689872035
52689871985
52689943593
52688930222
52689872870
52688929427
52689944343
52689944393
52689944463
52688934397
52689727629
52689727589
52689457001
52689948198
52689727614
52689727749
52689457096
52689948288
52689876800
52689457046
52688934492
52689457211
52689948348
52688934532
52689727859
52688934587
52689727869
52689948398
52688934387
52689948323
52689727894
52689877090
52689457381
52689457396
52689877010
52689877150
52689727829
52689728039
52688934787
52689728014
52689457556
52689727914
52689457621
52688934987
52689457766
52689948953
52689457886
52689877740
52689458071
52689732494
52689881740
52689881770
52689953238
52689953253
52689462531
52689881785
52689462556
52689881800
52688939882
52689462611
52689881855
52688939937
52689953333
52689732689
52689953328
52689732704
52689953393
52689462671
52689732729
52689732784
52689732789
52689462781
52689953533
52689953513
52689953518
52689953153
52689732884
52689732899
52689732929
52689882200
52689882225
52689732989
52689733019
52689882300
52689463006
52689953788
52689733104
52688940397
52689463096
52689882480
52689463131
52689463181
52689463191
52688940507
52688940522
52688940502
52689468266
52689737814
52689737819
52689468286
52689737774
52689958818
52689468316
52689737869
52689887575
52688945677
52688945567
52689737974
52689468551
52689959053
52689887655
52689887645
52688945472
52689887395
52688945792
52689887695
52689959093
52689959098
52689887755
52689468691
52689468696
52689959188
52689887800
52689738189
52689959298
52688945907
52689468421
52689468671
52688945847
52688946007
52689959328
52689738084
52689887710
52688946037
52689468716
52689738334
52689887990
52689887975
52688946082
52689738354
52688946092
52689959488
52689888055
52689963968
52689892355
52689964088
52689892455
52689742934
52689473631
52689742964
52688950967
52689473651
52689742869
52689473766
52688950757
52689892685
52689964313
52689892710
52688951172
52689964378
52689473901
52689892850
52689743334
52689964443
52689892920
52689892915
52688951422
52689743459
52689743454
52688951442
52689892965
52689743524
52689964653
52688951542
52689743634
52689893125
52689743574
52688951632
52689743739
52688951687
52689743754
52688951662
52689893195
52689964803
52689964828
52688951702
52689743804
52688951737
52689743854
52689964978
52688951857
52689748764
52689969573
52689898095
52689969633
52688956427
52689969613
52689969623
52688956442
52688956477
52688956492
52689969638
52689898175
52688956522
52689748874
52689748914
52689748939
52689898395
52689479556
52689898215
52689749144
52689898505
52689479626
52689749204
52689479751
52689749279
52689898630
52689898665
52689479781
52688956912
52689479826
52689479471
52689748974
52688956597
52688957097
52689480031
52689480091
52689749549
52689970398
52689480131
52689749669
52689903985
52689903945
52689754539
52689754574
52688962147
52689754659
52689975398
52689754634
52689975438
52688962202
52689975463
52689754614
52688962112
52689904170
52689754789
52688962097
52689754834
52688962257
52689975558
52689975408
52689904305
52689904340
52688962352
52689975658
52689904395
52689754999
52689032066
52689975713
52688962507
52689975783
52689755129
52689904590
52689485431
52689755199
52689975848
52688948907
52689975888
52689904690
52689904755
52689904850
52689904840
52689755499
52689750949
52689976268
52689981603
52689909770
52689910210
52689981013
52689909900
52688968122
52689490711
52689490706
52689909755
52689490746
52689760504
52689981143
52689490846
52689760649
52689909985
52688968312
52689981273
52689760654
52689760549
52689490616
52688968452
52689981363
52689760849
52689981533
52689760939
52689910245
52689910260
52688968677
52689981218
52689910295
52688968722
52689491416
52688968902
52689910505
52689910610
52689761179
52689981843
52689982068
52689982113
52689761454
52689491751
52689490646
52688969042
52689914525
52689495251
52689495271
52688973087
52688973107
52688973182
52689914620
52689495291
52689495401
52689495406
52688973252
52689914665
52689985943
52689764929
52689914735
52689764944
52688973387
52689495541
52689495526
52689495511
52689764854
52689495656
52689495501
52689764834
52689914535
52689495691
52689985768
52689495716
52689495731
52689914775
52689495746
52689765194
52689914905
52689914990
52689495766
52689915030
52689986268
52689986273
52689495826
52689765279
52689986323
52689986253
52689986333
52689914980
52689765414
52689495941
52689768694
52689768729
52688977177
52689989863
52689918685
52689499456
52689989873
52688977227
52688977282
52689918775
52689499596
52688977377
52688977412
52689990073
52688977447
52689769034
52689990103
52689990083
52688977182
52689919005
52689990033
52688977542
52689769174
52689499466
52689499876
52689499856
52689919140
52689769239
52689769014
52689990403
52688977697
52689919160
52688977722
52689990458
52689499981
52689990468
52689769324
52688977597
52689919335
52689919345
52688977827
52689918670
52688977902
52689990618
52689990653
52689769579
52689990408
52689923690
52688982332
52689773854
52689773924
52688982392
52689773964
52689923895
52689774004
52688982492
52689924005
52689994823
52688982592
52689923810
52689994803
52689505056
52689774199
52689504801
52689995208
52688982702
52689924115
52688982722
52689995263
52689774274
52689995038
52689924190
52688982462
52689994898
52688982362
52689504696
52689504736
52689923840
52689923830
52689995363
52689504786
52689773814
52689505261
52689923880
52689504826
52689505326
52689504846
52688982682
52688982292
52688982857
52689994843
52689773869
52689774724
52689929045
52689928950
52689779134
52690000353
52688987882
52688987867
52689929115
52688987862
52689779264
52689510251
52689928930
52690000343
52689928905
52689779229
52689779139
52688987812
52689510196
52689779189
52690000263
52688987967
52690000413
52689510401
52688988132
52689779524
52689510486
52689510546
52689513391
52690003298
52688990952
52690003273
52688990772
52690003258
52689513341
52688990837
52689513401
52688990917
52689782584
52688990932
52689513526
52688990992
52689932190
52689782704
52689782524
52688990947
52689931975
52689782874
52689782894
52689513466
52689782989
52688991392
52689934940
52689516566
52688994027
52689516256
52688993737
52689934935
52689516246
52688993782
52689785374
52689785334
52689516306
52688993852
52689516341
52690006368
52690006333
52689516631
52689935310
52689935305
52690006643
52688993912
52689785719
52689785754
52690006773
52689785794
52689516391
52689516326
52689516241
52688994422
52689516221
52688993762
52689785949
52688994542
52689785624
52689516526
52688994652
52689935800
52689789464
52689520516
52689789279
52690010508
52690010483
52690010548
52689789454
52690010558
52689939075
52689520606
52689789474
52689520601
52689520591
52690010578
52689939125
52688998292
52688998322
52689789564
52689939225
52689789649
52689939315
52690010813
52689789739
52690010873
52689520931
52690010758
52689939405
52689789644
52689939265
52690010988
52688998662
52689939490
52689520736
52690011058
52689939205
52689789879
52689939535
52689789819
52689520996
52689789949
52689520961
52689790009
52689939650
52688998882
52689794299
52689943475
52689002822
52689002837
52689002872
52689002867
52689002882
52689525146
52689943590
52690015173
52689794194
52689002842
52689003017
52690015178
52690015238
52689003082
52690015263
52689943695
52689003107
52689794254
52689794264
52689943700
52689794304
52689794324
52689525406
52689003167
52689525446
52689003207
52689943785
52689003247
52689525476
52689003237
52689794474
52689794449
52689794464
52689003287
52690015458
52689003432
52689943925
52689794224
52689525666
52689943980
52689794729
52689525576
52689003037
52689943630
52689794749
52689008692
52689800034
52689530986
52689008592
52690021113
52689008552
52689008522
52689530801
52689530741
52689530701
52690020763
52690020753
52689948835
52689948805
52690020668
52689799699
52689948770
52689948780
52689799639
52689008332
52689948850
52689799704
52689799759
52689008382
52689799764
52689530806
52690021038
52689008582
52689530971
52689949140
52689530981
52690021078
52690021338
52689008857
52689012162
52690024943
52689534566
52689803544
52689952755
52689534526
52689952745
52689952725
52689012112
52689534486
52689803449
52690024873
52689012152
52689534551
52689952805
52689952840
52690025068
52689803749
52690025133
52689953050
52689534941
52690025323
52690025398
52690025428
52689012707
52689803809
52690025038
52689012262
52689012652
52690025008
52690024848
52689012837
52690025353
52690024973
52689803599
52689012182
52689952775
52689803539
52690024883
52689012987
52689012677
52689015812
52689807114
52689538246
52689015807
52690028678
52690028673
52690028663
52689015842
52689956455
52690028653
52689956465
52690028648
52689807044
52689538211
52689015902
52689538401
52689538456
52689538476
52689538496
52689807289
52689016147
52689956630
52689807364
52690028933
52689538761
52690028773
52689538656
52689016312
52689807584
52689956845
52690029258
52689807634
52690029288
52689807749
52689538921
52689016622
52689539006
52689016772
52689538891
52690029623
52689016217
52689808034
52689539096
52689957175
52689017042
52689808344
52689539396
52689544031
52689961795
52689961855
52689961880
52689544211
52689962075
52689962130
52689544506
52689962175
52689021902
52689962185
52689544586
52689813389
52689962255
52689021932
52689544601
52690034738
52689021967
52690034743
52689813399
52690034733
52690034748
52690034773
52689962320
52689022007
52689544641
52689813489
52689544686
52690034873
52689022102
52689544741
52690034933
52689962460
52689544831
52689022212
52689544856
52689962615
52689962640
52690035278
52689813939
52689545116
52689545201
52689814069
52689962625
52689545276
52689814119
52689813659
52689818714
52689967475
52690040178
52689967545
52689549616
52689967570
52689549666
52690040208
52689549741
52689549731
52689967665
52690040278
52689549766
52690040303
52690040313
52689967740
52689967730
52690040283
52690040218
52689027407
52689027157
52690040403
52690040398
52689967820
52689027477
52689967850
52689819074
52689027482
52689819094
52689819099
52690040488
52689819134
52689027537
52689967920
52689027532
52690040513
52689967705
52689819169
52690040548
52689967805
52689967960
52689550281
52689027902
52689550306
52690041018
52689550201
52689550276
52689550436
52689554971
52689554981
52689554986
52689824459
52689032727
52689973135
52689554996
52689824494
52690046038
52689824474
52689555061
52689032787
52689555036
52689555056
52689555046
52689824509
52690046078
52689032852
52689555171
52689973320
52689973325
52690046128
52689973330
52689032927
52689973335
52689973340
52689032977
52689033052
52689973500
52689824589
52689555356
52689973535
52689555436
52689824929
52689973780
52689973820
52689555621
52690046548
52689973850
52689555626
52689555681
52689973945
52689033507
52690046543
52689825199
52689973670
52690051713
52689038602
52689038267
52689038532
52690051588
52689038342
52689830014
52689829999
52689978825
52689829919
52689038272
52689038422
52689829984
52689978795
52690051448
52689978990
52689830139
52689560886
52689560741
52689560816
52689830449
52689561106
52689979710
52690052253
52690052498
52689830689
52690052448
52689979865
52689830844
52689561516
52689830769
52689561526
52689039292
52689979790
52689561471
52689039297
52689830204
52689979985
52689039277
52689830924
52689561746
52689831009
52689983715
52689565611
52689834564
52689834409
52689043077
52690056323
52689565386
52689042977
52689983460
52689042822
52690056353
52689983490
52689043067
52689565521
52690056498
52689983640
52689834634
52689983750
52690056673
52689043302
52689834764
52689565861
52689834854
52689834859
52689834884
52690056873
52689043307
52690056898
52690056953
52689043462
52689984070
52689835004
52689566151
52689835219
52689835239
52689984245
52689043787
52689835339
52689984390
52690057248
52689984470
52689566426
52689044077
52689571206
52689571286
52689988910
52689988900
52689048867
52689571391
52689840374
52690062683
52689840394
52689989100
52690062753
52690062738
52690062768
52690062763
52689049032
52689049057
52689840484
52689571551
52689840479
52689989210
52689989235
52689049152
52689571696
52689989320
52689049197
52689840614
52689049237
52690063038
52690063043
52689049297
52690063068
52689571881
52689840764
52689989515
52689840769
52689571916
52689571901
52689989420
52689840814
52690063198
52689571956
52689571711
52689571996
52690067618
52689993925
52689576546
52689576576
52690067673
52689576626
52689054202
52689994295
52689994325
52689994160
52689845594
52690067773
52690068208
52689994400
52689576751
52689576691
52689993975
52690067723
52689994455
52690067873
52689845619
52689054042
52690067653
52689577106
52690068258
52689054522
52689054537
52689576561
52689994070
52689053972
52689845984
52689054582
52689846029
52690068333
52689994525
52689994520
52690068363
52689054612
52689577241
52689577256
52689580291
52689849309
52689849344
52689058142
52689849409
52689997920
52689849469
52689580456
52690071533
52689058272
52690071643
52689998135
52689849609
52689998205
52689998185
52689998210
52689849694
52689058477
52689998235
52689058512
52689998290
52689580791
52689998340
52689998180
52689998165
52689849659
52689580821
52689849934
52689058772
52690071978
52689058667
52690071853
52689581021
52690071773
52689058432
52689998420
52690072018
52689580941
52689998490
52689581101
52689059012
52689850119
52689585421
52689585401
52689063067
52690076463
52689063012
52690076458
52689585336
52689854274
52689062992
52689854349
52690076558
52689854449
52689062947
52689854479
52690002830
52690002880
52689585691
52689582961
52690074093
52689060872
52689060857
52690000555
52689582806
52690000435
52689585921
52689063527
52690003105
52689585931
52689854754
52689063597
52689585916
52689586021
52689854734
52690076973
52690076998
52689854939
52689586116
52690076958
52689063897
52689586196
52689063907
52690003380
52689063927
52690081388
52689590816
52690081278
52689859404
52690081158
52689859254
52689590471
52689067862
52690081088
52689067942
52689590566
52689590611
52689067987
52689590711
52690081238
52689068117
52689859369
52689068012
52689590596
52689068277
52689590866
52690081448
52689590931
52689068257
52690081608
52689068452
52690007585
52689859824
52689068642
52690081798
52690081578
52689860114
52690081943
52689591191
52689860189
52690081673
52689859744
52689591501
52690008125
52690007300
52689591551
52689069097
52689073182
52689073467
52689073457
52690012505
52689073417
52690012470
52690012435
52689864784
52689864779
52689073342
52689864759
52689073322
52690012350
52690086693
52689864704
52690086683
52689864689
52689073272
52689595846
52690086653
52689864654
52689595821
52689864644
52690086628
52689864609
52690086643
52689595786
52690086633
52689864684
52690012310
52689073377
52689864789
52689864819
52690086798
52689073437
52689073452
52690012545
52689073622
52689864879
52689864899
52690012690
52690087198
52689073677
52690012850
52690087228
52690087243
52690086773
52689601286
52689601256
52690017890
52689078457
52690092218
52690092313
52690092328
52689078572
52689601521
52690092368
52689601536
52690092393
52689601531
52689078642
52690018230
52689601206
52689601651
52689078722
52689870429
52690018300
52690018365
52690018395
52689601801
52689601806
52690092693
52690018505
52689870589
52689870599
52689601861
52690018520
52690018545
52689078867
52689079042
52689870759
52690018625
52689870779
52690018665
52689602036
52689078972
52689079132
52690018690
52689079167
52689079182
52690092948
52689602181
52690092343
52689602221
52689607311
52690098008
52690097668
52690097698
52690097853
52690023405
52689876444
52689607296
52690098153
52690023650
52689606946
52689607171
52689875969
52689084457
52690098178
52690098288
52689607106
52690097863
52690023475
52690098363
52689084637
52690098463
52689084427
52689876524
52689607461
52690098498
52689607491
52689876504
52690098513
52690024045
52689607521
52690023945
52689876689
52689876749
52690024250
52689876799
52689876629
52689085077
52689607906
52689611711
52690102813
52689611726
52689088952
52689089077
52690028320
52689880784
52689089127
52689611966
52690028540
52689611816
52689612011
52689612126
52690028735
52690103223
52689089462
52689089472
52689612291
52689612401
52690103468
52689089587
52689089617
52689881299
52690028520
52690103508
52689612491
52689089702
52689612501
52690103573
52689089722
52689089682
52689612481
52689881319
52690029140
52690103633
52689881434
52689089782
52690029160
52689612586
52689089822
52690103653
52689089852
52690029225
52690103743
52689612646
52690108048
52689094672
52689617076
52689094632
52689617036
52689094597
52689094577
52689617051
52689886144
52689617221
52690033860
52689617081
52690108163
52689617271
52689886339
52690040295
52690115058
52690039920
52690039915
52690039945
52689101362
52690039970
52689892844
52689892909
52690039910
52690115078
52690115103
52689624121
52689101317
52690115133
52690040150
52689101492
52689624176
52690115148
52689892994
52689101487
52689893004
52689624056
52690115043
52689623951
52689101517
52690115038
52690040235
52689101637
52689101657
52689624336
52689893299
52690115508
52690115503
52690040250
52690115538
52690115543
52689101877
52689624481
52689101902
52689101897
52690115568
52690040615
52690115668
52690115658
52690115238
52690040775
52690115158
52689630016
52690120688
52689629931
52690045645
52690120468
52690120673
52689106967
52690045665
52690045670
52690120538
52689107022
52689107047
52689898679
52690120738
52689630026
52689898449
52689630181
52690120843
52690120998
52689898354
52689107452
52689107467
52689630236
52689898464
52690046290
52690046305
52689107637
52690121303
52689107677
52689898834
52689898184
52689898839
52689898574
52690046410
52690121378
52689630726
52689107817
52689898899
52689107847
52690046570
52689630796
52690046650
52689107927
52689899079
52689630896
52689635341
52689112202
52690125903
52690050840
52690050830
52689112267
52689112257
52689635396
52690125933
52690050895
52690050910
52689112327
52690050980
52690050990
52689903754
52689635541
52689112457
52689112467
52690051100
52690126113
52689112552
52689903894
52690051180
52689635706
52689112622
52689112612
52690051210
52689112642
52689635776
52689904034
52690126303
52689635791
52690051275
52690051380
52690126323
52689904089
52690051350
52689904094
52689904119
52690126283
52689904029
52690051400
52689635761
52690051445
52689635736
52689112782
52689904184
52690126463
52689908859
52689116802
52690055430
52690130363
52689908429
52690055455
52690055515
52689908569
52689117047
52689908614
52689117107
52689908699
52690055660
52689908709
52690130478
52690130323
52689908749
52690055725
52689117167
52689908769
52689640531
52689640541
52690055785
52690130768
52690130773
52689117237
52689908814
52689908824
52689908834
52689640561
52690055850
52689640646
52689908934
52689117382
52690055975
52689117447
52690055970
52690130718
52689909074
52690131058
52689117482
52690056040
52689908654
52689640411
52689117002
52689117132
52690131143
52690061200
52690135908
52689914214
52689122492
52690135978
52690061260
52689646151
52689914254
52690135983
52689914284
52689646216
52689122567
52689914299
52689122632
52689914444
52690061425
52690136193
52690136218
52689914324
52689122742
52689914539
52689646331
52689122697
52689914384
52689646131
52689914334
52690061330
52689122887
52690061530
52689122797
52689914624
52689646511
52690136023
52689122927
52690136353
52689646611
52690136448
52689914694
52689646666
52690061665
52689914839
52689914874
52689646641
52690136458
52689123157
52690142388
52689921009
52690142278
52689652456
52689920789
52690067925
52690067855
52689920654
52690067725
52690141858
52689652206
52689920499
52689128627
52689652066
52689920429
52690067695
52690067700
52689128752
52690141983
52689128797
52690067835
52690067845
52689920644
52690067890
52690142168
52689652366
52689920759
52689920769
52689128997
52690142258
52689652431
52689652131
52689129082
52690068065
52690142323
52690068295
52690142498
52689652541
52689129027
52689921019
52689652656
52689920739
52690142533
52689921104
52690142598
52689129372
52689921224
52689926769
52689926709
52690147938
52689926584
52690073635
52689926534
52689134537
52690073660
52689926569
52689657831
52690147838
52690073735
52690073765
52689657886
52689926689
52690073800
52689657946
52690148038
52690073885
52690148253
52690148273
52689134902
52690148148
52689658061
52689134762
52689658131
52689926864
52690148048
52690073945
52689658096
52689134772
52689926809
52690073860
52690073785
52689926704
52689134687
52690073775
52689926629
52690073650
52689926899
52690148203
52689927009
52689658141
52690148088
52690148228
52689926909
52689658341
52690074260
52690080015
52689932394
52689663806
52690079280
52689140402
52689932299
52690079240
52689663671
52689663631
52689140287
52689932159
52690079145
52689140222
52690079100
52689663591
52689932124
52689663596
52689932244
52689140387
52689140372
52690079095
52689140497
52689932319
52690153823
52689932664
52689140822
52689141162
52690154208
52690154203
52689932309
52690079685
52689140667
52690153763
52690079115
52690079895
52689664356
52689141137
52689664341
52689932994
52689932959
52689933154
52689932929
52689664646
52689664751
52690080450
52689938839
52690085670
52689669911
52690160253
52689669811
52690160223
52690160198
52690085510
52689146867
52689146927
52690160243
52690085585
52690160258
52690160248
52690085595
52689938699
52689669896
52690085610
52689669931
52689669936
52690085685
52690085690
52689147052
52690085740
52689147067
52690160428
52689670076
52689146907
52689938939
52689938909
52690085855
52689939009
52689670146
52689939079
52690085955
52690085950
52689670541
52690160903
52689939349
52689939329
52689939309
52689147727
52690086255
52690165468
52689675401
52690091180
52689944279
52689944214
52690090740
52689675106
52690165523
52690165418
52689152347
52690165438
52689944139
52690090885
52689675171
52689152547
52689944104
52690090880
52690091035
52690090840
52689944229
52689943999
52689674956
52690091150
52689944309
52690091170
52689675311
52689675301
52689944344
52689944399
52689152787
52690091215
52689675446
52689152872
52689675481
52689944524
52689948664
52689157042
52689948489
52690169998
52689156987
52689156982
52689679596
52689157012
52690170018
52689948539
52689679621
52689679636
52689679631
52689948549
52689157027
52690170048
52689679641
52689679656
52689157047
52689948584
52690095310
52689679651
52690170138
52690170123
52689157092
52689679691
52689679681
52689679671
52690170093
52689948609
52690170113
52690170168
52690095405
52690170263
52689948779
52689679846
52689948829
52689679901
52690095525
52689948919
52689948944
52690170503
52690170528
52690170543
52689157202
52689954414
52690176063
52689163077
52689954279
52690176008
52689163097
52690175998
52690176048
52689685151
52689163122
52690100935
52689163202
52690100990
52689685326
52689163347
52690101075
52690101095
52690176263
52689954574
52689685506
52689163457
52690101215
52689163492
52689163512
52690176433
52690176438
52689685626
52690176523
52690176533
52690176553
52690101465
52689954909
52689163807
52690100875
52690101600
52690101550
52690181418
52690105985
52689690151
52689959364
52689959479
52690181473
52689959574
52690106225
52689168777
52690181593
52690181613
52689168937
52689168942
52689168957
52689168977
52689168972
52689168962
52689959784
52689690681
52689959844
52689959359
52689169062
52690106505
52690181843
52690181863
52689169142
52690106650
52689690896
52690181993
52689959994
52689169292
52689690961
52689690816
52689691001
52689690311
52690182128
52690182158
52690182193
52689169462
52689169502
52689697121
52690188073
52689965959
52690188088
52690112750
52689175507
52689697241
52689697316
52690112845
52690188303
52689175722
52690188003
52689175802
52689697571
52689697606
52689175972
52689176057
52689176147
52689697981
52690188943
52689966689
52690113355
52689176097
52690188723
52690113710
52689175942
52689176517
52690189333
52689176712
52689967139
52689698306
52690188593
52690189373
52689698326
52689176717
52690189398
52690114035
52690189448
52689698396
52689967259
52689973129
52689182842
52690195523
52689183232
52689704711
52689973634
52689973409
52690196068
52690120695
52690196273
52689973914
52689183637
52690120335
52690196373
52690196383
52690120860
52689974079
52690196513
52689705341
52689183837
52689974034
52689705481
52689705501
52689183982
52689705536
52690121220
52689705551
52689184042
52689974439
52690196753
52689974524
52689974529
52689974569
52690196823
52689973799
52690201818
52689711051
52689711081
52689189297
52689980079
52689980099
52690202023
52690202098
52690201963
52689980294
52690202263
52690126775
52689711436
52689711466
52689980514
52690202418
52690126935
52689980594
52690202383
52689980474
52690127105
52689980624
52689980569
52689980524
52689711706
52689190147
52689980894
52689190182
52689190242
52689711961
52690127460
52689981009
52690127470
52689712026
52689712091
52690202953
52689189517
52689190472
52689981149
52689190567
52689718236
52689196577
52689987034
52689196587
52690133775
52689196627
52689718361
52690133840
52689718421
52690133885
52689987219
52689987229
52689987244
52690133990
52690209378
52689196882
52690134050
52690209488
52689987419
52689987424
52690134150
52690209573
52689197002
52690133750
52689718246
52690209608
52689197027
52690134275
52689718761
52690134245
52690209503
52689718851
52689718741
52690209818
52689197272
52689719021
52689719086
52689196892
52690215768
52689724696
52689202577
52689993844
52690216718
52690140120
52690216008
52689203202
52689993709
52690216108
52689724861
52689725196
52690216228
52689202987
52689202942
52690139835
52689994184
52690216383
52689994234
52689203247
52689994374
52689725506
52690215883
52690216748
52689993999
52689725766
52689203367
52689203732
52689994799
52689725581
52690140835
52690140570
52690144525
52689207247
52689729451
52689729486
52689998604
52690144695
52690220728
52690144715
52689207937
52690221003
52690144620
52690220653
52689729676
52689729616
52690220998
52690145115
52690221233
52689207802
52690144730
52689207422
52689208047
52689998559
52690220633
52690145710
52689207457
52689729386
52689998884
52689998694
52689207347
52690221788
52690145765
52690145810
52690221858
52689207702
52690145845
52689207932
52690150190
52689212757
52690004149
52690004179
52690004104
52690150375
52689735041
52689735116
52690226483
52690226568
52689735221
52690004594
52690150570
52690226843
52689212992
52689213122
52690004819
52690150945
52689735591
52689213557
52690226668
52690004949
52689213757
52690227163
52690227253
52690005209
52690005194
52689736006
52690226683
52689735241
52690151325
52690004704
52689735486
52689214117
52689213472
52689735461
52690005564
52690005614
52689214202
52689736321
52690155970
52690009529
52690155420
52690155330
52689739851
52689739351
52689217097
52689216772
52690156785
52690156335
52689739956
52690231183
52690008784
52690230913
52690230728
52689216967
52690008059
52689738526
52690233283
52690233318
52690233323
52690156975
52690010964
52689741451
52690011009
52689740846
52690233478
52690157070
52689741571
52689741446
52690233453
52690011139
52690157360
52689741726
52690011319
52690233768
52690233613
52690233883
52690011114
52690233488
52689219762
52690011469
52689219742
52689741986
52690157655
52690234083
52689219317
52690241503
52689749421
52690018679
52690018719
52689227622
52690018749
52690165315
52690018769
52690241528
52690165350
52689227712
52689749576
52690018774
52689749581
52689749611
52689749636
52690018864
52690165425
52690241623
52690018944
52689749706
52690241648
52689749696
52690165555
52690241718
52689749751
52689749736
52690018999
52689749781
52690165610
52689227952
52690019029
52689749821
52689749861
52689749871
52689749856
52690019129
52690165760
52690241878
52690165795
52689228112
52690019234
52690019144
52690165750
52689749826
52690242068
52690019299
52689756041
52690025229
52689756046
52689234562
52689756436
52690172065
52689234927
52689234867
52690172220
52690172160
52689756196
52690025319
52689756126
52689234552
52690025209
52690248443
52690248348
52690172265
52690025424
52690025559
52690248603
52690248623
52690248358
52689235037
52690172545
52690172460
52689756601
52690172510
52690172610
52690252123
52689760101
52689760121
52690252218
52690029094
52690029119
52689238637
52689760546
52689239137
52689239087
52689239042
52690029344
52690252438
52689760241
52690176130
52689238952
52690029224
52690029049
52690252433
52690029019
52690028964
52690252558
52690252573
52689239127
52689239162
52690029479
52689239187
52690176435
52689239192
52689760561
52690029559
52690252458
52690176695
52690252898
52689760746
52690029684
52690029829
52690029849
52690029489
52690253078
52690252338
52689238832
52689244232
52689244267
52690181540
52689765496
52690034194
52689244317
52689765586
52690181525
52689244452
52690034184
52690181835
52690258238
52690258188
52690034684
52689766031
52690258068
52690181945
52690258003
52690182100
52690258378
52690182210
52690034859
52689245072
52689766141
52690034979
52690182375
52690035084
52690035109
52690181815
52689245382
52690035159
52689766636
52690258803
52690258823
52690035249
52689766691
52690258868
52689245497
52689766716
52690258598
52689771941
52690188170
52690264198
52690264188
52690040664
52690040669
52690188225
52690188250
52690040699
52690040724
52690264288
52690188280
52689772041
52689250992
52690040754
52690040779
52689251017
52690264333
52689772146
52689251072
52689772126
52689772121
52689772161
52689251092
52689772166
52689772181
52690188510
52690188485
52690264468
52690040919
52690188540
52689772256
52690264503
52689772281
52689772296
52690188580
52690264538
52689772306
52690264593
52689772366
52689251322
52689251357
52690188760
52689251477
52689251527
52689251552
52689251597
52690188860
52690272328
52689780326
52689258847
52689258822
52689780281
52689780241
52689780231
52689780211
52689258712
52690195740
52690272078
52690195715
52690048499
52689780091
52689780066
52690271968
52689780056
52689780031
52690271933
52689258502
52690195700
52689258707
52690048564
52689258717
52690048409
52689258627
52689780106
52689258812
52689258807
52690048424
52689258587
52690272193
52689258982
52689258557
52689259202
52690196120
52690195765
52690196310
52689258912
52690272453
52690201750
52689264802
52690201740
52689786276
52690201760
52689786321
52689786326
52689264857
52690278228
52690278253
52690278248
52690201815
52690278243
52690278268
52690278303
52690278343
52689786386
52690278308
52690278313
52690201850
52690201860
52690278393
52690201940
52689786491
52690278508
52690054519
52689786531
52689265167
52690278598
52689264837
52690278898
52690202295
52689265277
52689786771
52689265092
52690054374
52689264797
52689786401
52689265502
52690054924
52690054959
52690054389
52690278328
52690278318
52690201830
52690055104
52690202710
52689794036
52690285293
52690061549
52690061494
52690285288
52689271917
52689794041
52690285978
52690062239
52690209765
52690061649
52689272357
52690285488
52689272087
52689271987
52689794176
52690209515
52690061854
52690209585
52689272277
52690061879
52689272167
52689272342
52689272382
52689272082
52689794131
52689794051
52689272422
52689794431
52689794451
52689272457
52689272447
52690209730
52689794536
52690285758
52689271997
52689794556
52690062184
52690062214
52689272627
52690285853
52690209870
52689794686
52689272847
52689279467
52690068814
52690292308
52690292323
52689801576
52690292418
52690292428
52690068944
52690292463
52689279582
52690292443
52690292373
52690292528
52689279692
52690069029
52690292488
52689279537
52689279807
52689801526
52690216205
52689279837
52690292728
52689802036
52689280027
52689280007
52690292898
52689279957
52690292833
52689801966
52690069269
52689801826
52690216675
52690216660
52690216655
52689801991
52689801881
52689279877
52690292753
52690069214
52690069374
52689279852
52690293038
52689280172
52690069459
52689280227
52689287077
52689287052
52690224115
52689287007
52690300213
52689809491
52690224225
52689809441
52689287177
52690300108
52689287162
52690076444
52690224165
52689809351
52689809331
52689287067
52690224125
52690076329
52689286967
52690224075
52689287022
52690224120
52689809336
52690224180
52690076419
52690224095
52689809426
52689287227
52690224240
52690300248
52690076584
52690224265
52689287287
52690300263
52690224310
52690076764
52690076799
52689809741
52689287522
52690224520
52690224555
52689809561
52690076959
52689287682
52689809931
52689815936
52690306823
52689815961
52690083239
52690230695
52690306838
52690083264
52690083294
52689293807
52690083334
52690083359
52690307073
52690230945
52690307163
52689294292
52690307258
52690307173
52690307188
52689293962
52690230885
52690083284
52689293672
52690307493
52689816766
52689816731
52690083744
52690307288
52690083859
52690231650
52690231665
52690307688
52689816676
52690311663
52689298927
52690088274
52690088289
52690087904
52690235560
52690088344
52689821146
52690088249
52690311523
52690236035
52690088429
52690236075
52689821281
52690236140
52690311978
52690312013
52690312023
52689299277
52689821391
52689299317
52690236310
52689821466
52689821451
52690088639
52690236405
52690312203
52689299457
52690312263
52690312268
52690088839
52690312328
52690235840
52689299622
52689299612
52689821671
52690088824
52689304822
52689304652
52689826691
52689826536
52690317138
52689827006
52690093929
52689304547
52690093679
52690241495
52690241820
52690241625
52690093544
52690093549
52690241760
52690317563
52689304687
52690241935
52690241960
52689304502
52690317328
52690093519
52690317713
52689304862
52690242105
52690317723
52689304832
52690242010
52690317278
52690094179
52690241945
52690093849
52690317383
52690317323
52689826461
52689827126
52690242175
52690317728
52689304882
52689827056
52690094369
52690322413
52690322648
52690322643
52690098784
52690246960
52690099214
52690322653
52690323063
52690099144
52690246820
52690247225
52689309957
52690099049
52690099444
52690099004
52690322433
52689310077
52690247060
52690322363
52690099284
52690246990
52690322698
52690322673
52690322623
52690246740
52689309687
52690322513
52690322973
52689309622
52689309607
52690322398
52690098849
52690098739
52690099619
52689832046
52689310437
52689831661
52689832311
52690323423
52689832391
52690323383
52689310657
52690100094
52690247805
52689832591
52690323948
52690253420
52690253460
52689316587
52689838721
52689316687
52690106174
52689316722
52689316822
52689316817
52689838891
52690106274
52690253750
52690330053
52689838961
52689838996
52689838976
52690106449
52689839056
52690330193
52690106534
52690106589
52690253565
52689317177
52689317167
52689839336
52690254120
52689317262
52689316492
52690330478
52690106744
52690106769
52690330528
52690330573
52690106819
52689839536
52690254345
52690330683
52690254400
52690254465
52689317512
52689839791
52689317617
52689317652
52690330823
52690330913
52690254695
52690337673
52690337653
52689846461
52689846421
52689324172
52690113444
52690113419
52689846336
52690261005
52690260985
52689846241
52690260930
52689846286
52689846331
52689846401
52690261150
52690261115
52690261020
52690113684
52690261335
52689324447
52690113689
52690337893
52689846646
52689324572
52690261545
52690261555
52690338073
52689847001
52690338183
52690261400
52690337793
52690261365
52690337748
52689324367
52690113619
52690113579
52690113559
52689846446
52690344323
52690267730
52689330817
52690120064
52690120054
52689330572
52690344258
52690120034
52690267675
52690344253
52689330752
52689852876
52690344208
52689852861
52690344198
52690119959
52690119939
52690119929
52689852806
52690267540
52690344273
52690267585
52689330602
52690119829
52689852771
52689852846
52690268110
52690344603
52690120269
52689330982
52689330917
52689330832
52690120024
52690267570
52690119809
52689331072
52689331327
52690120914
52689860081
52690275180
52690127374
52690275195
52690127119
52689338057
52690127524
52689860511
52690127724
52689338477
52689860761
52690275915
52689860961
52690352473
52690352353
52690275935
52690352133
52689860621
52690351903
52689338672
52690352103
52690275750
52690351773
52690276100
52690275690
52689860851
52690352283
52689860386
52690275515
52690275900
52690127399
52690128054
52689337997
52690127214
52689860661
52689860021
52689338492
52690275800
52689860556
52690275720
52690352553
52690352673
52690352593
52690283280
52690359483
52690283245
52690359433
52690283080
52690135269
52690135149
52689868051
52689868336
52690283550
52690135469
52689868466
52689868476
52690283605
52689346097
52689868616
52689346022
52690359558
52690359983
52689345857
52690135799
52689868701
52689345782
52690283090
52690360038
52689346512
52690284265
52690136299
52690284300
52690284580
52689347027
52689346657
52690136709
52689347297
52690360833
52690136724
52690284845
52690290185
52690366348
52690142879
52690142924
52690290260
52690142984
52690366488
52689875601
52690142999
52690143049
52690290425
52690143059
52690366638
52690366618
52689875681
52690290305
52689875746
52690366723
52690366798
52690143244
52689353587
52689353627
52689875851
52690290420
52689875856
52689353712
52689875916
52689875926
52689875946
52689875776
52690290780
52690143409
52689876056
52690366958
52689353842
52690366978
52689353912
52690290925
52690143524
52689353932
52689353952
52690367008
52689876236
52689876156
52690290995
52689876391
52690367133
52690374188
52690150694
52690374128
52689883491
52690150654
52690298255
52690150704
52690374208
52689361227
52690150814
52689883686
52689361262
52690298385
52689361332
52690298390
52690298405
52690298400
52689883786
52690374318
52690298465
52689883831
52690151004
52690374408
52689361497
52690151079
52689361542
52690298570
52689361572
52690151139
52690374478
52690151179
52690374528
52689361672
52689361652
52690374553
52690298685
52690151259
52689361727
52689361717
52689361767
52690151329
52690151369
52689884166
52690374688
52690151414
52690374758
52690381833
52690381483
52690305465
52689368772
52690158559
52690158589
52690158619
52690381588
52690305585
52690381643
52689891166
52690158699
52690381668
52689891186
52689368777
52689368977
52690158719
52689368992
52690381708
52690381713
52689891231
52690381733
52689891251
52689891266
52689891296
52690305730
52690158789
52690158804
52689369097
52689369082
52690381788
52690305710
52690381763
52689369127
52689891371
52690381878
52690381873
52689369177
52689369192
52690305865
52689891461
52689369247
52689891491
52689891481
52689891511
52689369302
52689369317
52690312705
52690388668
52689376417
52690388738
52689376462
52690166194
52690312825
52690388793
52690312810
52690312860
52690388838
52690388798
52689376582
52690312945
52689898451
52690166299
52689898516
52690166359
52689376692
52690389023
52689898626
52689376747
52689898586
52689376777
52689376807
52689376817
52689898686
52689898696
52690313165
52689376927
52690166544
52690313245
52690166564
52690313290
52689377017
52689898896
52689377037
52689898811
52690166619
52690389313
52690166649
52690313365
52689377112
52690166689
52690166694
52690389328
52689377182
52690313435
52689384327
52690173859
52690173864
52690396928
52690173969
52689384457
52690397113
52690397208
52690397198
52690174189
52689906876
52690320835
52690320990
52690320955
52690321000
52689385037
52690321015
52689385107
52690397818
52690321180
52689385212
52689907326
52689907376
52690174179
52690398013
52689907446
52690321365
52690398138
52689907496
52689907461
52689385362
52690321235
52689385527
52689907696
52689385477
52690175174
52690398473
52690403238
52690180214
52689913016
52690403453
52690326615
52690326810
52689391162
52689913171
52689391042
52690403643
52690327060
52690403638
52689912996
52689913141
52690326865
52690326570
52690327115
52689390647
52690327145
52690403538
52690327250
52689912921
52689913671
52689391227
52690327505
52690180154
52689390607
52689391452
52690181364
52690404503
52689391982
52690404583
52689913976
52690327960
52689917731
52690185429
52690186084
52689396732
52690332530
52689918231
52689918161
52689918126
52689396107
52690332370
52690185764
52690332265
52690185699
52689396152
52690408663
52690408748
52689917821
52690185794
52690185809
52690332235
52690408978
52690408968
52689918121
52690408818
52689918156
52689918066
52690332455
52690332460
52689396562
52689396592
52689396622
52689396627
52689396662
52689918271
52689918281
52690185969
52689396712
52689918296
52689918306
52690409153
52689396827
52690409188
52689396887
52689396907
52690409243
52689922896
52690337135
52690190754
52689401427
52690337430
52689923236
52690337500
52690191199
52689401412
52690337875
52689923831
52689923916
52689923616
52690338120
52689924141
52690338170
52690191799
52689402357
52690192009
52690192034
52690338370
52689402432
52689402437
52689402502
52689402497
52690192054
52690415008
52690338460
52689401257
52689402622
52689402662
52690337630
52690415168
52690415223
52689402732
52690343815
52689407972
52689929771
52690343835
52690343845
52690197334
52689408037
52690420193
52690420263
52689408092
52690197444
52689929991
52689408187
52689929986
52690420503
52690344130
52690420083
52690420558
52689930131
52689930146
52690197739
52690197619
52689408437
52689408462
52689930191
52689930326
52690420838
52689930401
52689930406
52689930431
52690420913
52689408602
52690344510
52690420908
52690344380
52689930536
52690420978
52690420998
52690198064
52690198084
52690198129
52690344640
52690344360
52690198179
52689414177
52690203729
52689935911
52689935906
52689936076
52689936066
52689936016
52690426418
52690426388
52690350090
52690203644
52690203594
52690426433
52690203574
52690203714
52689414327
52689936121
52689936131
52689936141
52690426563
52689936156
52690426618
52689414447
52689936196
52690350330
52689414462
52690350320
52689414417
52690350340
52690350350
52690350370
52690426703
52690350420
52689414632
52689414642
52690204029
52690350470
52690426818
52690426813
52689936401
52690204079
52689936446
52690350570
52690426903
52689414812
52689936506
52690350665
52690356325
52690209894
52689420562
52690209804
52690432413
52690356190
52689942486
52689942601
52689420632
52689942701
52690432628
52690210014
52689942731
52690210024
52690432683
52689942751
52690432708
52690356435
52690432748
52690432803
52690356475
52690432728
52690210139
52690432403
52690432873
52690356585
52690356400
52690210234
52689942956
52689942961
52690356620
52690356625
52690356610
52690433018
52689943006
52690356645
52690356535
52690433063
52689942586
52690356700
52689421252
52690433163
52690210464
52690210544
52690432758
52690356915
52690438893
52690216269
52690216254
52689427177
52690438858
52690216234
52689427142
52689427127
52689948721
52690216149
52689427102
52690216129
52689427087
52689948641
52689427037
52690438718
52689427052
52690438748
52689948686
52689427302
52690362685
52690439058
52690216499
52690439068
52689427377
52690438883
52690439083
52690362750
52689949176
52689949211
52690439348
52690216739
52689427717
52690439518
52689427932
52690439613
52690217019
52690362560
52689428097
52690217139
52690439878
52690216804
52689428152
52689427562
52689955186
52690369430
52689433992
52690369495
52690223164
52689955511
52690223279
52689955596
52689434282
52689434292
52690369225
52690223369
52690369425
52690222934
52690446313
52689433817
52690222919
52690222904
52689433787
52690370035
52689955641
52690369420
52689433867
52690446538
52690223869
52690223859
52690446608
52689434857
52690223909
52690370320
52690446713
52689956051
52690223899
52689955976
52689435037
52690445863
52689961266
52689961286
52690451733
52690228819
52690451753
52690451848
52690452063
52689961301
52689961651
52690452148
52690452293
52689961776
52690375815
52689440637
52690375250
52690228814
52690228809
52689439857
52689439832
52689961461
52689439827
52689439812
52689961231
52689440112
52690375405
52690375390
52689961456
52689440837
52689440817
52689440107
52690228984
52690228979
52689962201
52689440102
52689440077
52690451903
52690229719
52689962236
52689440457
52690376150
52689962261
52689962216
52689962181
52689962386
52689962456
52690236004
52690459378
52689968751
52690235984
52689968756
52690459403
52690236044
52689968801
52690382935
52690459508
52689968846
52690383010
52689447722
52690459563
52690459358
52689968886
52690382855
52690459343
52690459333
52689968696
52690459608
52690459638
52690459778
52689969101
52690459808
52689447992
52690236439
52690236464
52690236519
52689448137
52690236539
52690383510
52689448237
52689969366
52689447752
52690236839
52689448477
52690383825
52689969606
52690236924
52690465888
52689453997
52689453977
52689453982
52689453992
52689975081
52690465923
52690465938
52690465883
52689454062
52690242569
52690389410
52690466003
52690389400
52690389385
52690466023
52690466018
52690242514
52690466063
52690466073
52689975251
52690389435
52689454152
52690242659
52690466138
52690466143
52690389520
52689975351
52690242724
52690242729
52690389580
52690389595
52689975426
52689975401
52689454452
52690466428
52690242999
52689975446
52690466488
52689454627
52690243089
52689454602
52690243114
52689454647
52689454652
52689975901
52690471438
52690471483
52690248499
52690471533
52689981111
52690248714
52689981181
52690395475
52689981056
52690248819
52690248899
52690395610
52689460642
52689460672
52690395860
52690395875
52690395855
52690395960
52690395970
52689460967
52690249079
52689981336
52690395220
52689460917
52690249284
52689981886
52689461162
52690248629
52689461177
52690249459
52689981596
52690248844
52690472513
52689461452
52690472833
52689981761
52690473018
52690473038
52690473043
52690248494
52689461737
52690473178
52690396840
52690249004
52690473218
52689982541
52690397105
52689989701
52690257234
52690257299
52689469267
52690257379
52690480838
52690480843
52690257459
52690257514
52690480923
52690404435
52690404420
52689989776
52689990231
52690481073
52690481018
52689990166
52690481088
52690480968
52689990036
52690480798
52690257309
52690404530
52689469602
52690404555
52690404595
52690404655
52689469727
52690404735
52690257854
52689469812
52689469887
52690257929
52690404540
52689990221
52690257909
52690404745
52690257504
52689469952
52690257734
52690410130
52689995656
52690262849
52689475237
52689995686
52690262889
52690486363
52690262859
52690262864
52690486373
52690486358
52690410210
52689995816
52689995771
52689995856
52690486543
52690410355
52689995876
52690263059
52689475407
52690410330
52689475447
52690263144
52690486633
52690263174
52690486648
52690263184
52689995986
52690263229
52690486808
52689996126
52690486883
52690410595
52690263384
52690486913
52690263424
52689996221
52689475787
52689996291
52690410700
52689475802
52689996341
52690487138
52689996441
52690487188
52690487193
52690487223
52689482102
52689481987
52690492933
52690269474
52690002646
52690492908
52690269509
52690269644
52690416745
52690002801
52690416820
52690416765
52689482157
52690269574
52690416760
52689482077
52690416680
52690269629
52690493148
52690416865
52690493213
52689482242
52689482322
52690002956
52690417015
52689482342
52689482332
52689482352
52690269804
52690493048
52689482372
52690269814
52690003076
52689482497
52689482192
52690003186
52690498238
52690274544
52690274539
52689487027
52690498328
52690498333
52690007921
52690498323
52690498523
52689487277
52689487262
52690008081
52690275014
52690008096
52689487437
52689487477
52690275159
52690008236
52690008336
52690422385
52690498983
52689487737
52690008541
52690274969
52690274959
52690498543
52690007986
52690499093
52689487242
52690274879
52690421820
52690422500
52690008571
52690274864
52690421830
52690422220
52690275679
52690422680
52690422720
52690013911
52690013816
52690504698
52690504483
52690428015
52690280569
52690427935
52690280674
52690427955
52690504348
52690014086
52690014051
52690280899
52690504563
52690014216
52690014251
52690504623
52690428305
52689493622
52690280774
52690014131
52689493722
52690014416
52690504868
52690504408
52690014656
52690505008
52689493452
52690281419
52690505073
52690014901
52690015011
52689494192
52690505223
52690015006
52689493127
52690281094
52690505303
52689494307
52690429135
52690014796
52690434935
52690020826
52690287464
52690020821
52690511108
52689500217
52690435055
52690287729
52689500522
52690287519
52690021236
52690511563
52690435385
52690511618
52690511648
52690287699
52690435630
52690435645
52690021681
52690287959
52690288429
52689501077
52690288174
52690435775
52690511608
52689500677
52690435565
52690435825
52690021691
52690021891
52690512088
52690512343
52690440675
52689506082
52690440770
52690026496
52689506222
52690292944
52690517163
52690517198
52690292959
52690292964
52690517218
52690440880
52690440890
52689506317
52690293029
52690440980
52690293094
52689506452
52690026691
52690441340
52689506667
52690441300
52689506732
52690293254
52690441190
52690517363
52690026711
52690026676
52690517568
52690026636
52689506802
52689506377
52690026586
52689506297
52690517193
52689506832
52690441460
52690026956
52690517813
52690517843
52690027196
52690293629
52690027246
52689507152
52690034211
52690448615
52689514187
52690300639
52690034276
52690525163
52689514197
52689514207
52690525173
52690300684
52690300689
52690300704
52690034471
52690525333
52690525398
52690300879
52690300874
52690448865
52690034616
52690525503
52690525518
52690449080
52690448940
52690448835
52690525358
52690300714
52690525148
52689514717
52689514742
52690525713
52690525738
52690525848
52690035246
52689514997
52690449505
52690301514
52690035251
52690449605
52690301614
52690526093
52690301629
52690526153
52690301714
52690309449
52689522192
52690533463
52690042356
52690533428
52690457000
52690533353
52690308984
52690308954
52690308959
52690042261
52689522042
52690456960
52690533348
52690456910
52690533358
52690042216
52690533398
52690533408
52690309049
52690309084
52690042336
52690309074
52690533453
52690042341
52690309119
52690309134
52690309139
52690309169
52690457170
52690042521
52690533578
52690457155
52690533583
52690457160
52689522167
52689522317
52690457240
52690457275
52690042551
52690457265
52690042586
52690457285
52689522722
52689522727
52690042631
52690540688
52690316484
52690540648
52690049301
52690540583
52690464255
52690464245
52690316399
52690464220
52690540493
52690464185
52690316329
52690049171
52690316299
52690316284
52690049091
52690316229
52690316224
52690316214
52690316184
52689529332
52690464060
52690464050
52690540233
52690048976
52690316079
52690316054
52690540183
52690463905
52690463920
52690540228
52690540313
52690540518
52689529517
52690049116
52690049021
52690464170
52690540438
52690048936
52690464260
52689529782
52689529877
52690540928
52690464215
52690049641
52690316784
52690540748
52690471560
52690471565
52690324014
52690324039
52690056411
52690472135
52689537322
52690548333
52690548283
52689536987
52690324349
52690471835
52690324224
52689537017
52690548133
52690324104
52689536907
52690471710
52690324329
52690324369
52690471930
52690548288
52690548353
52690548383
52689537352
52689537382
52690548203
52690057031
52690324694
52690057051
52690548638
52690548713
52690548788
52690057141
52690324774
52690472505
52690062831
52690554398
52689543202
52690330584
52690554438
52690554443
52690554433
52690062976
52690554473
52689543172
52690554508
52690330764
52690554538
52690478550
52690330824
52690554648
52690478595
52690554668
52690063036
52690554568
52690063306
52689543542
52689543562
52689543552
52690475960
52690063411
52690063526
52690553888
52690063531
52690067571
52690335094
52690335059
52690067371
52689547572
52690482550
52689547507
52690067081
52690334699
52690558493
52690558478
52689547267
52690482365
52690334644
52690558488
52690334659
52690482400
52690482445
52690482455
52690067066
52690558603
52690482380
52690067156
52690482580
52690067171
52690482565
52690334854
52690334864
52690558743
52689547602
52690334904
52690558813
52690067311
52690558553
52690558598
52689547772
52690334969
52690482860
52690335009
52690335159
52689547292
52690067606
52689547977
52689548067
52690335319
52689548062
