52684157143
52684157168
52683145192
52684157223
52684086515
52684086570
52683944054
52684157288
52683661421
52683944104
52683944139
52684086660
52683661516
52684157398
52684157423
52684157453
52684157433
52684086825
52684086860
52683944324
52684086910
52684086590
52684086960
52684086535
52683661321
52684157638
52683661781
52684087060
52683944484
52683661876
52683944034
52683944534
52683661791
52684157628
52683145527
52684157618
52684157723
52684087170
52683145857
52684087210
52684157598
52683944209
52683145967
52684087300
52683662116
52683146007
52684087310
52683146172
52683662311
52683944934
52684087540
52683146292
52684087555
52684087610
52684158258
52683945069
52684158328
52683945129
52684158343
52683662496
52683945209
52684087750
52683146467
52683146497
52683146517
52683662606
52684087795
52684087870
52683662736
52683146647
52683945454
52683662791
52684087970
52683662821
52683945489
52683662841
52684088005
52684088045
52683146787
52683146812
52683945594
52683662886
52684158588
52683146867
52683662941
52684158748
52683945634
52684158773
52683432162
52684372720
52684229844
52683949241
52684372540
52684229699
52683432232
52684372425
52684229789
52684444958
52683432302
52683432417
52684445083
52684229979
52683949426
52683432347
52684372665
52684229914
52683949356
52684229864
52683949351
52684229749
52683949506
52684372805
52684229734
52683949211
52684229954
52683949151
52683949626
52684445428
52683432807
52683949921
52684373080
52683432737
52684373035
52683432642
52684445248
52684445238
52684445208
52683432447
52684372800
52684373020
52684230459
52684373300
52683432872
52684373125
52683949721
52684445183
52683433022
52684230754
52684373450
52684445928
52684445978
52684230324
52684231014
52683950466
52684445198
52684230284
52683432922
52683950646
52684446528
52684231409
52684446588
52684231564
52684231619
52684447173
52684374595
52683951196
52684231669
52684374295
52684446918
52683951261
52683434172
52683951276
52683951306
52684374605
52684374630
52683434287
52683951331
52683951341
52683434312
52684374715
52683951591
52683951581
52684374895
52684232289
52683951406
52684374935
52683434087
52684374270
52684446723
52683951041
52683951751
52684374510
52684375050
52684232439
52683434317
52684374565
52683434222
52684447538
52683434062
52683434907
52684375185
52684447688
52683434912
52684375650
52684447943
52683952286
52683952281
52684232779
52684447713
52684375405
52684447663
52683435087
52684447563
52684232849
52683434937
52684375755
52683952596
52684233039
52684233069
52684376005
52684448308
52684376010
52684448313
52684448368
52684375715
52683435142
52684233369
52684448658
52683953246
52684448683
52683435897
52684448878
52684448968
52684448973
52684376455
52683953536
52684376770
52683953576
52684302711
52684585649
52684585639
52684585669
52684800478
52684725930
52684585679
52684302741
52684302771
52684800558
52684585774
52684725990
52684585829
52683785042
52684302936
52684726110
52683785067
52683785052
52684726115
52683785062
52684585879
52684302926
52684726210
52684303036
52684585954
52683785237
52684303051
52684726260
52684800818
52684303131
52684726275
52684726285
52684303151
52684800883
52684586134
52684800913
52684800948
52684726400
52684801053
52684726465
52684801068
52683785542
52684801188
52684726695
52684303436
52684726740
52684728450
52683787477
52684305191
52684728245
52684728190
52684305086
52684305066
52684304916
52684304856
52684587674
52684587654
52684304716
52683787137
52684727880
52684802408
52684802413
52684727935
52684587699
52684304896
52684728045
52684728000
52684802483
52684802588
52683787242
52684305041
52684304881
52683787297
52684802693
52683787342
52684728330
52684728360
52684587924
52684728105
52684304826
52684728375
52683786987
52683787637
52684305341
52683787852
52684803598
52684306156
52684729480
52684803983
52684588814
52684306561
52684804213
52684306726
52684804268
52683789077
52684306886
52684729920
52683788877
52683788782
52684729945
52684306901
52684589734
52684306946
52684804518
52684804573
52684804578
52684589949
52684730280
52684804753
52684730315
52684590064
52683789627
52684730355
52684307326
52684307351
52684804808
52684590129
52684730405
52684589999
52684730455
52684730510
52683789787
52684730040
52684306326
52684804653
52684806653
52684309046
52683791127
52683791177
52684308946
52683791217
52683791252
52684591659
52684806498
52684591754
52684806573
52684732170
52684732190
52684732025
52684732280
52684806708
52684732295
52684806838
52683791587
52684592134
52684732475
52684806913
52684592249
52684592289
52684732510
52684309351
52684309211
52684591559
52684309616
52684309606
52684806983
52684807063
52684309671
52683791852
52684309676
52684732670
52684732730
52684807213
52684592644
52684592589
52684806888
52684806843
52684308936
52684732780
52684807323
52684310011
52684592779
52683792227
52683936967
52684735854
52683937022
52684453161
52684876520
52683937087
52684951498
52683937127
52684951528
52684951583
52684453311
52683937242
52684736069
52684736049
52684453356
52684736099
52684736104
52684876720
52684951623
52684951758
52684876740
52684453391
52684736114
52684951543
52683937187
52684951803
52684453536
52684951523
52684876880
52683937462
52684736319
52684736359
52684453666
52684453466
52684951493
52684951923
52684877070
52684736484
52684876860
52684736574
52684453766
52684951898
52683937697
52684736594
52683937737
52684877240
52684877335
52684953928
52684878925
52684953948
52683939622
52684879045
52684738514
52683939637
52684738529
52684954048
52684455641
52684455636
52684455686
52684738684
52684738729
52684879290
52684455801
52684879355
52684954333
52683939977
52683939962
52684954358
52684954408
52683940067
52683940112
52684455981
52684954488
52683940182
52684739004
52684739034
52684455961
52683940247
52683940222
52684456021
52684739104
52683940292
52683940372
52684738354
52684456161
52684954693
52684455881
52684954293
52684738619
52683939692
52684879515
52684739409
52684954833
52683939982
52684741789
52684876555
52684875600
52683935937
52684950343
52684950383
52684443321
52684725674
52684453056
52684735654
52684950368
52683935857
52684443191
52684866010
52684458631
52684452846
52684735124
52684875540
52684950178
52684957283
52684957303
52684882430
52684957353
52684882420
52684741934
52684458761
52684949568
52684739459
52683940622
52684734824
52683935457
52684882635
52684957258
52684876800
52684452556
52684957633
52684458856
52683942787
52684956658
52684878950
52684878295
52683937732
52684955618
52683940392
52684742334
52684957203
52684741689
52684876080
52684461831
52684461761
52684960423
52684461686
52684960483
52683946147
52684960408
52684461806
52684885580
52684885640
52684745009
52683946262
52684885525
52684461826
52684960453
52684461726
52684960443
52683946122
52684461691
52683946582
52684885810
52683946452
52684461871
52684745254
52684960858
52684462131
52684886240
52684960958
52684960758
52684961093
52684886100
52684745484
52684462546
52684961173
52684886120
52684886045
52684745399
52684462231
52684961288
52684745794
52684885910
52684745984
52684462996
52684462986
52683947347
52684463226
52684463681
52684887165
52684746479
52684463441
52683947837
52684746544
52684463631
52684962643
52684746754
52684887580
52684961978
52684887690
52684747054
52683948387
52684887960
52684747019
52684747364
52684747454
52684888170
52683947997
52684463671
52684463426
52684962963
52683948777
52684464711
52683948767
52684747669
52684463836
52683948872
52684747844
52684888705
52684747974
52684888575
52683949012
52684465226
52683948922
52684464796
52684747684
52684963063
52684963723
52684747594
52683949577
52684889305
52684962618
52684468276
52684751219
52683952602
52684468301
52684751169
52684468291
52684966813
52683952557
52684966798
52684892140
52684966773
52684966768
52684468241
52683952582
52684892180
52684751204
52684468341
52684751239
52684751314
52684751324
52684892300
52684751549
52684892470
52684892525
52684892565
52684967278
52683953212
52684967408
52684892995
52684967493
52684967518
52684469121
52684892560
52683953572
52684967728
52684752109
52684469231
52684893205
52683953722
52684469406
52684967863
52683953897
52684469441
52683953732
52683953682
52684967448
52684896055
52683956637
52684754849
52684896015
52683956332
52684472161
52684472231
52684896215
52684755114
52684971058
52684971063
52683956542
52684896305
52684755189
52684971118
52684896340
52684896430
52684472526
52684472616
52684896485
52684755384
52684971283
52684755389
52684971318
52684896555
52683956702
52684472671
52684896640
52684755444
52684472746
52684755524
52683956957
52684472901
52684755654
52684971608
52684896905
52684473011
52684897020
52684472776
52683957267
52684971043
52684971748
52684755924
52684897255
52685387374
52685529130
52685105846
52685603068
52685105971
52684590097
52684590172
52685529305
52685387534
52685387639
52685603268
52685387744
52685603333
52685106136
52684590397
52685387809
52685106266
52684590427
52685603453
52685529670
52685387879
52685106366
52685387894
52685106396
52685106511
52684590717
52685603278
52684590802
52685529935
52684590812
52684590822
52685530025
52685388089
52684591002
52685530090
52685603953
52685530110
52685604038
52685107066
52685604248
52685107161
52684593972
52684593932
52685606533
52685532390
52684593842
52685606408
52685532435
52685606348
52684593662
52685532935
52685109651
52685390894
52685532660
52685606288
52684594002
52685391099
52684593727
52685109831
52684594052
52685532800
52685391329
52684594142
52685606833
52685110116
52685391614
52684594327
52685533055
52685533050
52685391484
52685607088
52684594652
52685110681
52685392154
52685392324
52685533680
52685392174
52684595027
52685110821
52684595032
52684595057
52685533820
52685110966
52684594212
52685395489
52685536825
52685395254
52685536690
52685536655
52685536645
52684597802
52685113406
52685113361
52685395169
52685113461
52685395204
52684597927
52685113471
52685536755
52684597997
52685113576
52685536775
52685610493
52684598082
52685536835
52685395464
52685395429
52685395469
52685395079
52685610638
52685536695
52684598267
52685113766
52685536995
52685537065
52685113831
52685113841
52685395664
52685537080
52685395714
52685610643
52684598427
52685113976
52685610883
52685537325
52685611198
52685117086
52684601692
52685613963
52685540095
52685116951
52685613843
52685116846
52685613778
52685613743
52685613713
52685398394
52684601287
52685116606
52685116576
52685116561
52685540100
52685398734
52685116641
52685539795
52685539775
52685540210
52685117191
52685398959
52685398909
52684601997
52685117266
52685399049
52685540435
52684602012
52684601992
52684602047
52685399124
52685117491
52685540685
52685399229
52685614438
52685540860
52684602337
52684730682
52685743228
52685244986
52684730442
52685669140
52685669215
52685528284
52685245171
52685743318
52685528459
52685245231
52685669450
52685528554
52685743498
52685528629
52684730887
52685669630
52684730947
52685669665
52685743513
52685528659
52685245586
52685743748
52685743798
52685743788
52685528894
52685245656
52685743858
52685669875
52685245801
52685529029
52685529059
52685669950
52685669460
52684731357
52685743398
52685744173
52685669335
52685670165
52685529234
52684731467
52685529264
52685529269
52685529299
52685744278
52684731577
52685531759
52684733712
52685248296
52685531439
52685672250
52685248376
52685746568
52685672305
52685531604
52685746633
52685672310
52685248501
52684734052
52685248616
52685672590
52685746813
52685672340
52685746723
52685531509
52685746863
52685531479
52685248301
52684734222
52684734337
52685746948
52685746993
52685672805
52684734442
52685248841
52685248861
52685746958
52685672930
52684734487
52685532194
52684734572
52685249011
52685532009
52684734642
52685747243
52685248991
52685532239
52685747403
52685673195
52685249231
52685747453
52685747483
52685532484
52685749988
52685675760
52684737232
52685675790
52684737287
52685251966
52684737362
52685750138
52685534969
52685251916
52685750223
52684737367
52685675800
52684737477
52685535049
52685252121
52685535134
52685676180
52685535219
52685750453
52684737732
52684737742
52685535409
52684737792
52685750473
52684737807
52685252356
52684737622
52685676230
52685675750
52685535439
52685676065
52685534774
52685252456
52684737967
52684738042
52685750938
52684738092
52685535554
52685750863
52685534939
52684738227
52685255161
52685255166
52685538004
52685753503
52685538009
52684740712
52685679950
52685255256
52685538654
52685538554
52685753593
52685538149
52685753613
52684740882
52684740892
52685538144
52685753863
52685753708
52685538279
52685753788
52684740992
52684741057
52684741092
52685753998
52684741157
52684741182
52685538569
52684741222
52685754108
52684741262
52685255501
52685754133
52685754168
52685538684
52685679905
52685679895
52684741497
52685680010
52685255961
52685679980
52685754308
52684741547
52685680055
52685255986
52685680040
52685256056
52685256051
52685754413
52684744967
52685757913
52684744807
52685259331
52685259286
52684744657
52685683420
52685683270
52685259356
52685683300
52684744742
52684744777
52685542374
52685542364
52684745192
52685259671
52685683440
52685757848
52685259401
52685683485
52685757873
52685542479
52685757903
52685542534
52685683515
52685683640
52685683630
52684745087
52685542399
52685259691
52684745082
52685542654
52685259831
52684745217
52684745257
52684745267
52684745332
52684745312
52684745347
52685542849
52685260036
52685542949
52685760818
52685262096
52685760738
52685760793
52685686480
52685545104
52684748282
52685686670
52685686600
52685686610
52685545119
52685545089
52685760823
52685262676
52685686675
52685760758
52685262536
52685262441
52685761058
52685262501
52685262561
52685545034
52685761133
52685761163
52685262651
52685687000
52685545329
52685262291
52685687050
52685262871
52685545534
52685262926
52684748322
52685545634
52685263006
52684748467
52685761513
52685687300
52685545809
52685761363
52685262821
52685545904
52685761828
52684748722
52684751117
52684750977
52685689920
52685265811
52685764498
52685764563
52685548509
52685548539
52685690145
52685690165
52685548669
52685548724
52685266211
52685764838
52684751432
52685266311
52685765003
52684751527
52685266406
52685690565
52685548874
52685548884
52684751617
52685690600
52684751652
52684751722
52684751662
52685765253
52685266661
52685690780
52684751572
52685765358
52685765363
52685549199
52685266511
52685549219
52685765488
52684751997
52685549339
52685765573
52685691015
52685549394
52685691100
52685765688
52684752202
52685549539
52685693865
52685269756
52685693920
52684754702
52685768443
52685768413
52685768488
52685694040
52685694100
52685694085
52685269906
52685694130
52685552304
52685694150
52684754872
52685269996
52685270021
52685552384
52685694220
52684754997
52685552429
52685694270
52685768778
52685694335
52685552459
52685270191
52685694400
52685768918
52685694390
52685694385
52684755072
52685694465
52685694500
52685552679
52685769018
52684755187
52685270436
52685552769
52685768883
52685270166
52685270241
52685768513
52685270561
52684755462
52685769238
52684755477
52685553044
52685553064
52684755492
52686105425
52685679421
52686105655
52685165852
52685165882
52685679571
52686178798
52686105735
52686105740
52685679666
52685961764
52686105730
52685166042
52685679716
52686105680
52685679486
52685679376
52686178553
52686106125
52686106130
52685962199
52686179243
52686106195
52685166432
52685962279
52685680106
52685680126
52685166497
52686106335
52685680161
52685680201
52686179463
52685166597
52686106540
52685166852
52685962304
52685165827
52685680536
52686181323
52685964114
52685964129
52686108230
52686108245
52685168517
52686181528
52686108305
52686181518
52685168602
52686181523
52686108315
52685682241
52686108430
52685682381
52685964584
52686181793
52686181858
52685682276
52685168812
52686108795
52685964884
52686108980
52686108670
52685682831
52686108410
52686109185
52685683206
52685169692
52685965299
52685169782
52686109420
52685169827
52686109475
52686182648
52685169817
52686182628
52685683341
52685965349
52685683361
52686109450
52685683356
52685965364
52685169847
52685965384
52685685376
52686111575
52686111630
52685685521
52686111645
52685685551
52685171952
52685171942
52685171937
52686184733
52686111735
52686111565
52685172082
52685685391
52686184868
52686111885
52685685866
52686184668
52685685956
52685685961
52685686001
52685172467
52686112075
52685686036
52686185123
52685686101
52685967854
52686185158
52685967879
52686112170
52686111570
52685172707
52685968234
52686185523
52685968339
52685172977
52685174517
52686187208
52686114145
52685969914
52685174547
52685687936
52685174532
52686114200
52686114215
52685969924
52685687951
52686114235
52685687991
52685174567
52686187313
52685970019
52685970034
52685970099
52686114420
52685688241
52686114470
52686187503
52686114500
52685970204
52686187543
52686114515
52685970229
52686114490
52686114315
52686114610
52685970269
52686187618
52685688481
52686187683
52685174592
52686187728
52686187723
52686114830
52685688616
52686188003
52686115025
52686114940
52686188118
52686188173
52686114680
52685970929
52685689041
52686190818
52685973454
52685973489
52686118300
52686118345
52685691766
52685691771
52685178482
52685973549
52685973554
52686190993
52685178507
52685973589
52686118385
52685973604
52686191068
52686118410
52685973624
52686191048
52685973634
52685178552
52685178592
52686118450
52685973684
52685691821
52685973709
52685178652
52685178637
52685178657
52685973744
52685973819
52686118520
52686118515
52686191213
52685692026
52686191238
52685178767
52685178762
52685178802
52686118560
52685692061
52686118555
52685178842
52686118620
52686118645
52686191368
52686118660
52686121235
52685976194
52686120585
52685181302
52686120850
52685693921
52685181177
52685975879
52686193203
52686120670
52685975719
52685181112
52686193248
52686120630
52686193308
52685975964
52685181232
52685694101
52685976099
52686121035
52685181352
52686121060
52685976244
52685181417
52686120925
52686121125
52686121100
52685181462
52685976364
52686121250
52685181567
52685976494
52685694501
52686193923
52685976569
52686121495
52685181767
52685694681
52686121645
52685694301
52685976934
52685182047
52686121825
52686121760
52686193803
52686193743
52686122025
52685697961
52685185452
52686125275
52686125280
52685185457
52685185472
52686125305
52686197523
52685697976
52685185462
52686197708
52686125485
52685980459
52686197758
52685698321
52685980624
52685698361
52685980619
52685185827
52685185912
52685185962
52686198068
52686198143
52686198123
52685979769
52685698646
52685186197
52685186212
52686198343
52686126140
52685698901
52686198613
52685979279
52685981139
52686126005
52686198683
52685185092
52686196848
52668693466
52685981309
52686128065
52686200193
52686200253
52685982954
52685982949
52686128150
52686128165
52685983019
52685700931
52686128375
52685188467
52685983249
52685983284
52685188567
52685983444
52685188727
52686128660
52686128670
52686128680
52686128800
52685701366
52685188677
52686200998
52685188917
52686128730
52686201028
52685983584
52685701336
52685189012
52686201198
52686201208
52686129075
52686128755
52686128690
52685189112
52686129015
52685983644
52686201243
52685983979
52685701791
52685711096
52685711061
52685993059
52686138505
52685198472
52686210408
52685711021
52686210398
52685711031
52685993054
52686210393
52686138525
52686210428
52686138530
52686138555
52685198567
52685993114
52686210458
52685198557
52686138605
52685711126
52686138620
52685711141
52685198592
52686210528
52686138705
52685711236
52686138770
52686210618
52685993319
52685198767
52686138775
52685993324
52685711316
52685198777
52685711286
52686138850
52686138845
52685198782
52685993444
52685993479
52685198877
52685198882
52685711501
52685993519
52685711561
52686210523
52686210848
52685198932
52686141770
52685714521
52686141795
52685996589
52685996614
52685714611
52685714636
52686213918
52686213943
52685714741
52686141980
52686142060
52685996854
52686214103
52686142075
52685996894
52685996889
52685202292
52685714886
52686141930
52685714956
52685996939
52685996984
52685997024
52686142240
52685714991
52685202442
52685997074
52685715036
52686142310
52686214448
52686214463
52685715146
52685715181
52685997249
52686214558
52685997269
52685202592
52685997359
52685997364
52686142455
52685714656
52685202622
52686214643
52685715271
52685202662
52686214683
52685997444
52685718261
52686000244
52685205842
52685205862
52685718336
52685205867
52686145315
52686000319
52685205882
52686000299
52686217673
52685718416
52686145345
52685718506
52686145400
52686145405
52685205987
52685718536
52686217763
52685205997
52686217778
52686145495
52686145500
52686217808
52685206052
52686000499
52685718576
52686217813
52686217838
52686145560
52685718606
52686000604
52686000624
52686000634
52685718716
52686145730
52686217948
52686145725
52686217968
52685206237
52686145770
52685206332
52686217883
52686145815
52686218088
52685206392
52685718776
52685206402
52685718931
52686003489
52685721371
52685208967
52686148350
52686148360
52686003519
52686003534
52686220658
52686220673
52686003584
52686220763
52685209042
52686220778
52685721541
52686003689
52686148500
52686148470
52686148535
52686220808
52685721611
52686220918
52685721701
52686003849
52686220973
52686220993
52685721776
52686003914
52685721771
52686221058
52685209277
52686148765
52686003944
52685209317
52685721841
52685721821
52686221108
52686221113
52686148825
52686004019
52686221138
52685721846
52686220813
52686221183
52686148850
52686148860
52686004079
52685721971
52685721961
52686221203
52686221253
52686224228
52685212437
52686006949
52685725196
52685725281
52686224358
52686152170
52686224428
52686152190
52685212582
52686224383
52685212457
52686224458
52685212657
52686007234
52685212682
52686152355
52686007354
52686152395
52686224623
52685725631
52686007489
52686007464
52685725661
52685212942
52685212957
52685212987
52685725711
52686007309
52685725736
52686224833
52685725761
52686007589
52685213037
52686007639
52685213067
52686224868
52685725811
52685725791
52686152670
52686152425
52685725821
52686224873
52686224893
52685213087
52685725861
52685725926
52686007384
52686007689
52686227818
52685729326
52686010769
52686010754
52686227598
52685729216
52685729131
52686010684
52686010644
52686155610
52686155590
52685729146
52686155650
52686010709
52686010739
52685216162
52685216207
52685216187
52685216232
52686227668
52686227903
52685216287
52686227898
52685729441
52686010934
52686010949
52686227968
52686155750
52685729536
52685216382
52686155720
52686010759
52685216482
52686011174
52685729686
52686228163
52685729726
52686156190
52686228203
52686011304
52685216692
52686011369
52685732561
52685219457
52686158660
52686159355
52686231263
52685732856
52685219797
52686230893
52686158880
52686158825
52686158640
52686158935
52686013809
52686230823
52685219472
52686230938
52685219637
52685219632
52686231038
52686014109
52685732751
52686159115
52686231153
52686159125
52686231168
52685732826
52686014314
52686230778
52685219792
52685732756
52686159055
52686014399
52685732646
52685732926
52685219952
52685219522
52685732461
52686013724
52685219997
52686159400
52686159390
52685733076
52685220002
52685220062
52686014644
52686231503
52686234028
52686017299
52686162010
52685735681
52686162545
52685735731
52685735771
52686234093
52686017399
52685735881
52686162260
52685735856
52686017474
52686017459
52686162170
52686017504
52685222777
52686234083
52685735761
52686234218
52686234053
52685735701
52686234258
52685222897
52686234263
52685735941
52686234308
52685222927
52685222952
52686017639
52686162365
52686017669
52686234398
52686017719
52685736071
52686162570
52686017769
52685223142
52686234548
52686017909
52685736216
52686162150
52686471553
52685973421
52685459637
52685973436
52686472323
52685973506
52686256289
52686400570
52685973551
52686256329
52685459852
52685973656
52685460097
52685459807
52685973816
52686256489
52686471828
52686256529
52686256594
52686400790
52686256559
52685973791
52686256494
52685973686
52685459832
52686400595
52685973891
52685973536
52685973626
52686400455
52685973576
52685973921
52686256454
52686400475
52686400830
52685459602
52686401010
52686472168
52686258449
52685461977
52686402710
52686402725
52686474008
52685461987
52685462032
52686258639
52685462142
52686402980
52686402770
52686258774
52685461972
52686403010
52685462352
52686258769
52686258754
52686474228
52685975841
52685462422
52686258934
52686403285
52686474483
52686474498
52686259024
52686474528
52686259044
52686259034
52686259054
52686403200
52685976236
52686474598
52686474638
52686474633
52686474653
52686474663
52686259134
52686259144
52685462692
52686474683
52686403070
52686474728
52686259209
52686474708
52686474738
52685976436
52686474823
52685464907
52686261204
52685978301
52686261084
52686261094
52685464947
52685464937
52686405305
52685978336
52686405220
52685464997
52686261154
52685978471
52685465077
52685978421
52685978541
52685978581
52686476738
52686476793
52685978836
52685465307
52686261574
52685465092
52686261264
52685465107
52686261309
52686405360
52686405355
52686405790
52685978431
52686405780
52685978416
52686261254
52686261719
52685465047
52685978381
52685979006
52686405885
52686263874
52686263834
52685467562
52685467432
52685467402
52686263654
52686263709
52686407915
52685467507
52685981056
52686478793
52686263779
52686263824
52686407990
52686408040
52686263899
52686478973
52685467682
52685981076
52686407885
52686263949
52686408150
52686479083
52685467642
52686408195
52685467822
52686479198
52686408260
52686479208
52686264164
52686264144
52685467912
52685467787
52685981491
52686478828
52685468017
52686263649
52686408465
52685468057
52685981576
52686264369
